#N,e_p,a_res,k_left,k_right,e_int,a_int
3,0.00,6.93361e-01,8.15586e-01,5.71137e-01,-1.96807e-01,-9.71610e-01
3,0.01,6.93361e-01,1.07984e+00,3.06882e-01,-1.96807e-01,-9.71610e-01
3,0.02,6.93361e-01,1.23980e+00,1.46920e-01,-1.96807e-01,-9.71610e-01
3,0.03,6.93361e-01,1.36236e+00,2.43607e-02,-1.96807e-01,-9.71610e-01
3,0.04,6.93361e-01,1.46545e+00,-7.87283e-02,-1.96807e-01,-9.71610e-01
3,0.05,6.93361e-01,1.55600e+00,-1.69278e-01,-1.96807e-01,-9.71610e-01
3,0.06,6.93361e-01,1.63755e+00,-2.50832e-01,-1.96807e-01,-9.71610e-01
3,0.07,6.93361e-01,1.71221e+00,-3.25487e-01,-1.96807e-01,-9.71610e-01
3,0.08,6.93361e-01,1.78133e+00,-3.94605e-01,-1.96807e-01,-9.71610e-01
3,0.09,6.93361e-01,1.84585e+00,-4.59124e-01,-1.96807e-01,-9.71610e-01
3,0.10,6.93361e-01,1.90645e+00,-5.19725e-01,-1.96807e-01,-9.71610e-01
3,0.11,6.93361e-01,1.96364e+00,-5.76918e-01,-1.96807e-01,-9.71610e-01
3,0.12,6.93361e-01,2.01782e+00,-6.31096e-01,-1.96807e-01,-9.71610e-01
3,0.13,6.93361e-01,2.06929e+00,-6.82570e-01,-1.96807e-01,-9.71610e-01
3,0.14,6.93361e-01,2.11831e+00,-7.31588e-01,-1.96807e-01,-9.71610e-01
3,0.15,6.93361e-01,2.16508e+00,-7.78354e-01,-1.96807e-01,-9.71610e-01
3,0.16,6.93361e-01,2.20976e+00,-8.23036e-01,-1.96807e-01,-9.71610e-01
3,0.17,6.93361e-01,2.25250e+00,-8.65774e-01,-1.96807e-01,-9.71610e-01
3,0.18,6.93361e-01,2.29341e+00,-9.06687e-01,-1.96807e-01,-9.71610e-01
3,0.19,6.93361e-01,2.33260e+00,-9.45876e-01,-1.96807e-01,-9.71610e-01
3,0.20,6.93361e-01,2.37015e+00,-9.83428e-01,-1.96807e-01,-9.71610e-01
3,0.21,6.93361e-01,2.40614e+00,-1.01942e+00,-1.96807e-01,-9.71610e-01
3,0.22,6.93361e-01,2.44063e+00,-1.05391e+00,-1.96807e-01,-9.71610e-01
3,0.23,6.93361e-01,2.47368e+00,-1.08696e+00,-1.96807e-01,-9.71610e-01
3,0.24,6.93361e-01,2.50534e+00,-1.11862e+00,-1.96807e-01,-9.71610e-01
3,0.25,6.93361e-01,2.53565e+00,-1.14893e+00,-1.96807e-01,-9.71610e-01
3,0.26,6.93361e-01,2.56466e+00,-1.17793e+00,-1.96807e-01,-9.71610e-01
3,0.27,6.93361e-01,2.59238e+00,-1.20566e+00,-1.96807e-01,-9.71610e-01
3,0.28,6.93361e-01,2.61887e+00,-1.23214e+00,-1.96807e-01,-9.71610e-01
3,0.29,6.93361e-01,2.64413e+00,-1.25741e+00,-1.96807e-01,-9.71610e-01
3,0.30,6.93361e-01,2.66821e+00,-1.28148e+00,-1.96807e-01,-9.71610e-01
3,0.31,6.93361e-01,2.69111e+00,-1.30438e+00,-1.96807e-01,-9.71610e-01
3,0.32,6.93361e-01,2.71285e+00,-1.32613e+00,-1.96807e-01,-9.71610e-01
3,0.33,6.93361e-01,2.73347e+00,-1.34674e+00,-1.96807e-01,-9.71610e-01
3,0.34,6.93361e-01,2.75296e+00,-1.36623e+00,-1.96807e-01,-9.71610e-01
3,0.35,6.93361e-01,2.77134e+00,-1.38462e+00,-1.96807e-01,-9.71610e-01
3,0.36,6.93361e-01,2.78863e+00,-1.40191e+00,-1.96807e-01,-9.71610e-01
3,0.37,6.93361e-01,2.80484e+00,-1.41812e+00,-1.96807e-01,-9.71610e-01
3,0.38,6.93361e-01,2.81998e+00,-1.43325e+00,-1.96807e-01,-9.71610e-01
3,0.39,6.93361e-01,2.83405e+00,-1.44732e+00,-1.96807e-01,-9.71610e-01
3,0.40,6.93361e-01,2.84706e+00,-1.46034e+00,-1.96807e-01,-9.71610e-01
3,0.41,6.93361e-01,2.85902e+00,-1.47230e+00,-1.96807e-01,-9.71610e-01
3,0.42,6.93361e-01,2.86994e+00,-1.48322e+00,-1.96807e-01,-9.71610e-01
3,0.43,6.93361e-01,2.87982e+00,-1.49310e+00,-1.96807e-01,-9.71610e-01
3,0.44,6.93361e-01,2.88867e+00,-1.50194e+00,-1.96807e-01,-9.71610e-01
3,0.45,6.93361e-01,2.89648e+00,-1.50976e+00,-1.96807e-01,-9.71610e-01
3,0.46,6.93361e-01,2.90327e+00,-1.51654e+00,-1.96807e-01,-9.71610e-01
3,0.47,6.93361e-01,2.90903e+00,-1.52231e+00,-1.96807e-01,-9.71610e-01
3,0.48,6.93361e-01,2.91377e+00,-1.52704e+00,-1.96807e-01,-9.71610e-01
3,0.49,6.93361e-01,2.91748e+00,-1.53076e+00,-1.96807e-01,-9.71610e-01
3,0.50,6.93361e-01,2.92018e+00,-1.53345e+00,-1.96807e-01,-9.71610e-01
3,0.51,6.93361e-01,2.92185e+00,-1.53513e+00,-1.96807e-01,-9.71610e-01
3,0.52,6.93361e-01,2.92250e+00,-1.53578e+00,-1.96807e-01,-9.71610e-01
3,0.53,6.93361e-01,2.92213e+00,-1.53541e+00,-1.96807e-01,-9.71610e-01
3,0.54,6.93361e-01,2.92074e+00,-1.53401e+00,-1.96807e-01,-9.71610e-01
3,0.55,6.93361e-01,2.91832e+00,-1.53159e+00,-1.96807e-01,-9.71610e-01
3,0.56,6.93361e-01,2.91487e+00,-1.52815e+00,-1.96807e-01,-9.71610e-01
3,0.57,6.93361e-01,2.91039e+00,-1.52367e+00,-1.96807e-01,-9.71610e-01
3,0.58,6.93361e-01,2.90487e+00,-1.51815e+00,-1.96807e-01,-9.71610e-01
3,0.59,6.93361e-01,2.89832e+00,-1.51159e+00,-1.96807e-01,-9.71610e-01
3,0.60,6.93361e-01,2.89072e+00,-1.50399e+00,-1.96807e-01,-9.71610e-01
4,0.00,5.72357e-01,5.77948e-01,5.66766e-01,1.22772e-02,5.03723e-01
4,0.01,5.72357e-01,6.28263e-01,5.16451e-01,1.22772e-02,5.03723e-01
4,0.02,5.72357e-01,6.84140e-01,4.60574e-01,1.22772e-02,5.03723e-01
4,0.03,5.72357e-01,7.39958e-01,4.04756e-01,1.22772e-02,5.03723e-01
4,0.04,5.72357e-01,7.95689e-01,3.49026e-01,1.22772e-02,5.03723e-01
4,0.05,5.72357e-01,8.51301e-01,2.93413e-01,1.22772e-02,5.03723e-01
4,0.06,5.72357e-01,9.06768e-01,2.37947e-01,1.22772e-02,5.03723e-01
4,0.07,5.72357e-01,9.62058e-01,1.82656e-01,1.22772e-02,5.03723e-01
4,0.08,5.72357e-01,1.01714e+00,1.27571e-01,1.22772e-02,5.03723e-01
4,0.09,5.72357e-01,1.07200e+00,7.27192e-02,1.22772e-02,5.03723e-01
4,0.10,5.72357e-01,1.12658e+00,1.81309e-02,1.22772e-02,5.03723e-01
4,0.11,5.72357e-01,1.18088e+00,-3.61654e-02,1.22772e-02,5.03723e-01
4,0.12,5.72357e-01,1.23486e+00,-9.01408e-02,1.22772e-02,5.03723e-01
4,0.13,5.72357e-01,1.28848e+00,-1.43766e-01,1.22772e-02,5.03723e-01
4,0.14,5.72357e-01,1.34173e+00,-1.97014e-01,1.22772e-02,5.03723e-01
4,0.15,5.72357e-01,1.39457e+00,-2.49854e-01,1.22772e-02,5.03723e-01
4,0.16,5.72357e-01,1.44697e+00,-3.02259e-01,1.22772e-02,5.03723e-01
4,0.17,5.72357e-01,1.49891e+00,-3.54201e-01,1.22772e-02,5.03723e-01
4,0.18,5.72357e-01,1.55036e+00,-4.05650e-01,1.22772e-02,5.03723e-01
4,0.19,5.72357e-01,1.60129e+00,-4.56580e-01,1.22772e-02,5.03723e-01
4,0.20,5.72357e-01,1.65168e+00,-5.06962e-01,1.22772e-02,5.03723e-01
4,0.21,5.72357e-01,1.70148e+00,-5.56769e-01,1.22772e-02,5.03723e-01
4,0.22,5.72357e-01,1.75069e+00,-6.05972e-01,1.22772e-02,5.03723e-01
4,0.23,5.72357e-01,1.79926e+00,-6.54545e-01,1.22772e-02,5.03723e-01
4,0.24,5.72357e-01,1.84717e+00,-7.02460e-01,1.22772e-02,5.03723e-01
4,0.25,5.72357e-01,1.89441e+00,-7.49691e-01,1.22772e-02,5.03723e-01
4,0.26,5.72357e-01,1.94092e+00,-7.96210e-01,1.22772e-02,5.03723e-01
4,0.27,5.72357e-01,1.98671e+00,-8.41991e-01,1.22772e-02,5.03723e-01
4,0.28,5.72357e-01,2.03172e+00,-8.87008e-01,1.22772e-02,5.03723e-01
4,0.29,5.72357e-01,2.07595e+00,-9.31233e-01,1.22772e-02,5.03723e-01
4,0.30,5.72357e-01,2.11936e+00,-9.74641e-01,1.22772e-02,5.03723e-01
4,0.31,5.72357e-01,2.16192e+00,-1.01721e+00,1.22772e-02,5.03723e-01
4,0.32,5.72357e-01,2.20362e+00,-1.05890e+00,1.22772e-02,5.03723e-01
4,0.33,5.72357e-01,2.24442e+00,-1.09971e+00,1.22772e-02,5.03723e-01
4,0.34,5.72357e-01,2.28431e+00,-1.13959e+00,1.22772e-02,5.03723e-01
4,0.35,5.72357e-01,2.32324e+00,-1.17853e+00,1.22772e-02,5.03723e-01
4,0.36,5.72357e-01,2.36122e+00,-1.21650e+00,1.22772e-02,5.03723e-01
4,0.37,5.72357e-01,2.39819e+00,-1.25348e+00,1.22772e-02,5.03723e-01
4,0.38,5.72357e-01,2.43415e+00,-1.28944e+00,1.22772e-02,5.03723e-01
4,0.39,5.72357e-01,2.46907e+00,-1.32436e+00,1.22772e-02,5.03723e-01
4,0.40,5.72357e-01,2.50292e+00,-1.35821e+00,1.22772e-02,5.03723e-01
4,0.41,5.72357e-01,2.53568e+00,-1.39097e+00,1.22772e-02,5.03723e-01
4,0.42,5.72357e-01,2.56733e+00,-1.42262e+00,1.22772e-02,5.03723e-01
4,0.43,5.72357e-01,2.59784e+00,-1.45313e+00,1.22772e-02,5.03723e-01
4,0.44,5.72357e-01,2.62720e+00,-1.48248e+00,1.22772e-02,5.03723e-01
4,0.45,5.72357e-01,2.65537e+00,-1.51065e+00,1.22772e-02,5.03723e-01
4,0.46,5.72357e-01,2.68233e+00,-1.53762e+00,1.22772e-02,5.03723e-01
4,0.47,5.72357e-01,2.70807e+00,-1.56335e+00,1.22772e-02,5.03723e-01
4,0.48,5.72357e-01,2.73255e+00,-1.58784e+00,1.22772e-02,5.03723e-01
4,0.49,5.72357e-01,2.75576e+00,-1.61105e+00,1.22772e-02,5.03723e-01
4,0.50,5.72357e-01,2.77768e+00,-1.63297e+00,1.22772e-02,5.03723e-01
4,0.51,5.72357e-01,2.79828e+00,-1.65356e+00,1.22772e-02,5.03723e-01
4,0.52,5.72357e-01,2.81754e+00,-1.67282e+00,1.22772e-02,5.03723e-01
4,0.53,5.72357e-01,2.83544e+00,-1.69072e+00,1.22772e-02,5.03723e-01
4,0.54,5.72357e-01,2.85195e+00,-1.70723e+00,1.22772e-02,5.03723e-01
4,0.55,5.72357e-01,2.86706e+00,-1.72234e+00,1.22772e-02,5.03723e-01
4,0.56,5.72357e-01,2.88073e+00,-1.73602e+00,1.22772e-02,5.03723e-01
4,0.57,5.72357e-01,2.89296e+00,-1.74825e+00,1.22772e-02,5.03723e-01
4,0.58,5.72357e-01,2.90372e+00,-1.75900e+00,1.22772e-02,5.03723e-01
4,0.59,5.72357e-01,2.91297e+00,-1.76826e+00,1.22772e-02,5.03723e-01
4,0.60,5.72357e-01,2.92071e+00,-1.77600e+00,1.22772e-02,5.03723e-01
5,0.00,4.93242e-01,4.93486e-01,4.92999e-01,3.26764e-02,4.47775e-01
5,0.01,4.93242e-01,5.00947e-01,4.85537e-01,3.26764e-02,4.47775e-01
5,0.02,4.93242e-01,5.15029e-01,4.71456e-01,3.26764e-02,4.47775e-01
5,0.03,4.93242e-01,5.33247e-01,4.53238e-01,3.26764e-02,4.47775e-01
5,0.04,4.93242e-01,5.54790e-01,4.31695e-01,3.26764e-02,4.47775e-01
5,0.05,4.93242e-01,5.79180e-01,4.07305e-01,3.26764e-02,4.47775e-01
5,0.06,4.93242e-01,6.06086e-01,3.80399e-01,3.26764e-02,4.47775e-01
5,0.07,4.93242e-01,6.35257e-01,3.51228e-01,3.26764e-02,4.47775e-01
5,0.08,4.93242e-01,6.66490e-01,3.19995e-01,3.26764e-02,4.47775e-01
5,0.09,4.93242e-01,6.99616e-01,2.86869e-01,3.26764e-02,4.47775e-01
5,0.10,4.93242e-01,7.34489e-01,2.51996e-01,3.26764e-02,4.47775e-01
5,0.11,4.93242e-01,7.70979e-01,2.15506e-01,3.26764e-02,4.47775e-01
5,0.12,4.93242e-01,8.08968e-01,1.77517e-01,3.26764e-02,4.47775e-01
5,0.13,4.93242e-01,8.48348e-01,1.38137e-01,3.26764e-02,4.47775e-01
5,0.14,4.93242e-01,8.89019e-01,9.74656e-02,3.26764e-02,4.47775e-01
5,0.15,4.93242e-01,9.30887e-01,5.55980e-02,3.26764e-02,4.47775e-01
5,0.16,4.93242e-01,9.73861e-01,1.26238e-02,3.26764e-02,4.47775e-01
5,0.17,4.93242e-01,1.01786e+00,-3.13713e-02,3.26764e-02,4.47775e-01
5,0.18,4.93242e-01,1.06279e+00,-7.63045e-02,3.26764e-02,4.47775e-01
5,0.19,4.93242e-01,1.10858e+00,-1.22096e-01,3.26764e-02,4.47775e-01
5,0.20,4.93242e-01,1.15515e+00,-1.68669e-01,3.26764e-02,4.47775e-01
5,0.21,4.93242e-01,1.20243e+00,-2.15946e-01,3.26764e-02,4.47775e-01
5,0.22,4.93242e-01,1.25034e+00,-2.63855e-01,3.26764e-02,4.47775e-01
5,0.23,4.93242e-01,1.29881e+00,-3.12321e-01,3.26764e-02,4.47775e-01
5,0.24,4.93242e-01,1.34776e+00,-3.61275e-01,3.26764e-02,4.47775e-01
5,0.25,4.93242e-01,1.39713e+00,-4.10645e-01,3.26764e-02,4.47775e-01
5,0.26,4.93242e-01,1.44685e+00,-4.60363e-01,3.26764e-02,4.47775e-01
5,0.27,4.93242e-01,1.49684e+00,-5.10358e-01,3.26764e-02,4.47775e-01
5,0.28,4.93242e-01,1.54705e+00,-5.60565e-01,3.26764e-02,4.47775e-01
5,0.29,4.93242e-01,1.59740e+00,-6.10914e-01,3.26764e-02,4.47775e-01
5,0.30,4.93242e-01,1.64783e+00,-6.61341e-01,3.26764e-02,4.47775e-01
5,0.31,4.93242e-01,1.69826e+00,-7.11778e-01,3.26764e-02,4.47775e-01
5,0.32,4.93242e-01,1.74864e+00,-7.62160e-01,3.26764e-02,4.47775e-01
5,0.33,4.93242e-01,1.79891e+00,-8.12422e-01,3.26764e-02,4.47775e-01
5,0.34,4.93242e-01,1.84899e+00,-8.62500e-01,3.26764e-02,4.47775e-01
5,0.35,4.93242e-01,1.89881e+00,-9.12330e-01,3.26764e-02,4.47775e-01
5,0.36,4.93242e-01,1.94833e+00,-9.61847e-01,3.26764e-02,4.47775e-01
5,0.37,4.93242e-01,1.99747e+00,-1.01099e+00,3.26764e-02,4.47775e-01
5,0.38,4.93242e-01,2.04618e+00,-1.05969e+00,3.26764e-02,4.47775e-01
5,0.39,4.93242e-01,2.09438e+00,-1.10789e+00,3.26764e-02,4.47775e-01
5,0.40,4.93242e-01,2.14202e+00,-1.15553e+00,3.26764e-02,4.47775e-01
5,0.41,4.93242e-01,2.18903e+00,-1.20255e+00,3.26764e-02,4.47775e-01
5,0.42,4.93242e-01,2.23536e+00,-1.24888e+00,3.26764e-02,4.47775e-01
5,0.43,4.93242e-01,2.28095e+00,-1.29446e+00,3.26764e-02,4.47775e-01
5,0.44,4.93242e-01,2.32572e+00,-1.33924e+00,3.26764e-02,4.47775e-01
5,0.45,4.93242e-01,2.36963e+00,-1.38314e+00,3.26764e-02,4.47775e-01
5,0.46,4.93242e-01,2.41261e+00,-1.42613e+00,3.26764e-02,4.47775e-01
5,0.47,4.93242e-01,2.45460e+00,-1.46812e+00,3.26764e-02,4.47775e-01
5,0.48,4.93242e-01,2.49555e+00,-1.50907e+00,3.26764e-02,4.47775e-01
5,0.49,4.93242e-01,2.53540e+00,-1.54891e+00,3.26764e-02,4.47775e-01
5,0.50,4.93242e-01,2.57408e+00,-1.58760e+00,3.26764e-02,4.47775e-01
5,0.51,4.93242e-01,2.61154e+00,-1.62506e+00,3.26764e-02,4.47775e-01
5,0.52,4.93242e-01,2.64773e+00,-1.66124e+00,3.26764e-02,4.47775e-01
5,0.53,4.93242e-01,2.68258e+00,-1.69609e+00,3.26764e-02,4.47775e-01
5,0.54,4.93242e-01,2.71603e+00,-1.72955e+00,3.26764e-02,4.47775e-01
5,0.55,4.93242e-01,2.74804e+00,-1.76156e+00,3.26764e-02,4.47775e-01
5,0.56,4.93242e-01,2.77855e+00,-1.79206e+00,3.26764e-02,4.47775e-01
5,0.57,4.93242e-01,2.80749e+00,-1.82100e+00,3.26764e-02,4.47775e-01
5,0.58,4.93242e-01,2.83481e+00,-1.84833e+00,3.26764e-02,4.47775e-01
5,0.59,4.93242e-01,2.86047e+00,-1.87398e+00,3.26764e-02,4.47775e-01
5,0.60,4.93242e-01,2.88439e+00,-1.89790e+00,3.26764e-02,4.47775e-01
6,0.00,4.36790e-01,4.36801e-01,4.36780e-01,5.63181e-02,4.04238e-01
6,0.01,4.36790e-01,4.37820e-01,4.35760e-01,5.63181e-02,4.04238e-01
6,0.02,4.36790e-01,4.40908e-01,4.32672e-01,5.63181e-02,4.04238e-01
6,0.03,4.36790e-01,4.46051e-01,4.27530e-01,5.63181e-02,4.04238e-01
6,0.04,4.36790e-01,4.53241e-01,4.20340e-01,5.63181e-02,4.04238e-01
6,0.05,4.36790e-01,4.62468e-01,4.11113e-01,5.63181e-02,4.04238e-01
6,0.06,4.36790e-01,4.73720e-01,3.99860e-01,5.63181e-02,4.04238e-01
6,0.07,4.36790e-01,4.86982e-01,3.86598e-01,5.63181e-02,4.04238e-01
6,0.08,4.36790e-01,5.02236e-01,3.71344e-01,5.63181e-02,4.04238e-01
6,0.09,4.36790e-01,5.19462e-01,3.54119e-01,5.63181e-02,4.04238e-01
6,0.10,4.36790e-01,5.38635e-01,3.34946e-01,5.63181e-02,4.04238e-01
6,0.11,4.36790e-01,5.59730e-01,3.13851e-01,5.63181e-02,4.04238e-01
6,0.12,4.36790e-01,5.82718e-01,2.90863e-01,5.63181e-02,4.04238e-01
6,0.13,4.36790e-01,6.07568e-01,2.66013e-01,5.63181e-02,4.04238e-01
6,0.14,4.36790e-01,6.34245e-01,2.39335e-01,5.63181e-02,4.04238e-01
6,0.15,4.36790e-01,6.62714e-01,2.10866e-01,5.63181e-02,4.04238e-01
6,0.16,4.36790e-01,6.92936e-01,1.80645e-01,5.63181e-02,4.04238e-01
6,0.17,4.36790e-01,7.24868e-01,1.48712e-01,5.63181e-02,4.04238e-01
6,0.18,4.36790e-01,7.58467e-01,1.15113e-01,5.63181e-02,4.04238e-01
6,0.19,4.36790e-01,7.93687e-01,7.98934e-02,5.63181e-02,4.04238e-01
6,0.20,4.36790e-01,8.30479e-01,4.31018e-02,5.63181e-02,4.04238e-01
6,0.21,4.36790e-01,8.68791e-01,4.78961e-03,5.63181e-02,4.04238e-01
6,0.22,4.36790e-01,9.08570e-01,-3.49900e-02,5.63181e-02,4.04238e-01
6,0.23,4.36790e-01,9.49762e-01,-7.61813e-02,5.63181e-02,4.04238e-01
6,0.24,4.36790e-01,9.92307e-01,-1.18727e-01,5.63181e-02,4.04238e-01
6,0.25,4.36790e-01,1.03615e+00,-1.62566e-01,5.63181e-02,4.04238e-01
6,0.26,4.36790e-01,1.08122e+00,-2.07637e-01,5.63181e-02,4.04238e-01
6,0.27,4.36790e-01,1.12746e+00,-2.53877e-01,5.63181e-02,4.04238e-01
6,0.28,4.36790e-01,1.17480e+00,-3.01219e-01,5.63181e-02,4.04238e-01
6,0.29,4.36790e-01,1.22318e+00,-3.49595e-01,5.63181e-02,4.04238e-01
6,0.30,4.36790e-01,1.27252e+00,-3.98936e-01,5.63181e-02,4.04238e-01
6,0.31,4.36790e-01,1.32275e+00,-4.49169e-01,5.63181e-02,4.04238e-01
6,0.32,4.36790e-01,1.37380e+00,-5.00223e-01,5.63181e-02,4.04238e-01
6,0.33,4.36790e-01,1.42560e+00,-5.52022e-01,5.63181e-02,4.04238e-01
6,0.34,4.36790e-01,1.47807e+00,-6.04489e-01,5.63181e-02,4.04238e-01
6,0.35,4.36790e-01,1.53113e+00,-6.57547e-01,5.63181e-02,4.04238e-01
6,0.36,4.36790e-01,1.58470e+00,-7.11116e-01,5.63181e-02,4.04238e-01
6,0.37,4.36790e-01,1.63870e+00,-7.65116e-01,5.63181e-02,4.04238e-01
6,0.38,4.36790e-01,1.69304e+00,-8.19464e-01,5.63181e-02,4.04238e-01
6,0.39,4.36790e-01,1.74766e+00,-8.74077e-01,5.63181e-02,4.04238e-01
6,0.40,4.36790e-01,1.80245e+00,-9.28870e-01,5.63181e-02,4.04238e-01
6,0.41,4.36790e-01,1.85734e+00,-9.83758e-01,5.63181e-02,4.04238e-01
6,0.42,4.36790e-01,1.91223e+00,-1.03865e+00,5.63181e-02,4.04238e-01
6,0.43,4.36790e-01,1.96705e+00,-1.09347e+00,5.63181e-02,4.04238e-01
6,0.44,4.36790e-01,2.02170e+00,-1.14812e+00,5.63181e-02,4.04238e-01
6,0.45,4.36790e-01,2.07608e+00,-1.20250e+00,5.63181e-02,4.04238e-01
6,0.46,4.36790e-01,2.13012e+00,-1.25654e+00,5.63181e-02,4.04238e-01
6,0.47,4.36790e-01,2.18373e+00,-1.31015e+00,5.63181e-02,4.04238e-01
6,0.48,4.36790e-01,2.23679e+00,-1.36321e+00,5.63181e-02,4.04238e-01
6,0.49,4.36790e-01,2.28924e+00,-1.41566e+00,5.63181e-02,4.04238e-01
6,0.50,4.36790e-01,2.34097e+00,-1.46739e+00,5.63181e-02,4.04238e-01
6,0.51,4.36790e-01,2.39189e+00,-1.51831e+00,5.63181e-02,4.04238e-01
6,0.52,4.36790e-01,2.44190e+00,-1.56832e+00,5.63181e-02,4.04238e-01
6,0.53,4.36790e-01,2.49092e+00,-1.61734e+00,5.63181e-02,4.04238e-01
6,0.54,4.36790e-01,2.53884e+00,-1.66526e+00,5.63181e-02,4.04238e-01
6,0.55,4.36790e-01,2.58558e+00,-1.71200e+00,5.63181e-02,4.04238e-01
6,0.56,4.36790e-01,2.63103e+00,-1.75745e+00,5.63181e-02,4.04238e-01
6,0.57,4.36790e-01,2.67511e+00,-1.80153e+00,5.63181e-02,4.04238e-01
6,0.58,4.36790e-01,2.71770e+00,-1.84412e+00,5.63181e-02,4.04238e-01
6,0.59,4.36790e-01,2.75873e+00,-1.88515e+00,5.63181e-02,4.04238e-01
6,0.60,4.36790e-01,2.79809e+00,-1.92451e+00,5.63181e-02,4.04238e-01
7,0.00,3.94132e-01,3.94132e-01,3.94132e-01,8.05046e-02,3.69545e-01
7,0.01,3.94132e-01,3.94267e-01,3.93997e-01,8.05046e-02,3.69545e-01
7,0.02,3.94132e-01,3.94894e-01,3.93370e-01,8.05046e-02,3.69545e-01
7,0.03,3.94132e-01,3.96231e-01,3.92033e-01,8.05046e-02,3.69545e-01
7,0.04,3.94132e-01,3.98437e-01,3.89827e-01,8.05046e-02,3.69545e-01
7,0.05,3.94132e-01,4.01644e-01,3.86620e-01,8.05046e-02,3.69545e-01
7,0.06,3.94132e-01,4.05965e-01,3.82299e-01,8.05046e-02,3.69545e-01
7,0.07,3.94132e-01,4.11501e-01,3.76764e-01,8.05046e-02,3.69545e-01
7,0.08,3.94132e-01,4.18338e-01,3.69926e-01,8.05046e-02,3.69545e-01
7,0.09,3.94132e-01,4.26557e-01,3.61707e-01,8.05046e-02,3.69545e-01
7,0.10,3.94132e-01,4.36228e-01,3.52036e-01,8.05046e-02,3.69545e-01
7,0.11,3.94132e-01,4.47413e-01,3.40851e-01,8.05046e-02,3.69545e-01
7,0.12,3.94132e-01,4.60169e-01,3.28095e-01,8.05046e-02,3.69545e-01
7,0.13,3.94132e-01,4.74545e-01,3.13719e-01,8.05046e-02,3.69545e-01
7,0.14,3.94132e-01,4.90584e-01,2.97680e-01,8.05046e-02,3.69545e-01
7,0.15,3.94132e-01,5.08322e-01,2.79942e-01,8.05046e-02,3.69545e-01
7,0.16,3.94132e-01,5.27791e-01,2.60473e-01,8.05046e-02,3.69545e-01
7,0.17,3.94132e-01,5.49015e-01,2.39249e-01,8.05046e-02,3.69545e-01
7,0.18,3.94132e-01,5.72015e-01,2.16249e-01,8.05046e-02,3.69545e-01
7,0.19,3.94132e-01,5.96805e-01,1.91459e-01,8.05046e-02,3.69545e-01
7,0.20,3.94132e-01,6.23393e-01,1.64871e-01,8.05046e-02,3.69545e-01
7,0.21,3.94132e-01,6.51783e-01,1.36481e-01,8.05046e-02,3.69545e-01
7,0.22,3.94132e-01,6.81973e-01,1.06292e-01,8.05046e-02,3.69545e-01
7,0.23,3.94132e-01,7.13956e-01,7.43084e-02,8.05046e-02,3.69545e-01
7,0.24,3.94132e-01,7.47720e-01,4.05441e-02,8.05046e-02,3.69545e-01
7,0.25,3.94132e-01,7.83248e-01,5.01565e-03,8.05046e-02,3.69545e-01
7,0.26,3.94132e-01,8.20519e-01,-3.22549e-02,8.05046e-02,3.69545e-01
7,0.27,3.94132e-01,8.59505e-01,-7.12406e-02,8.05046e-02,3.69545e-01
7,0.28,3.94132e-01,9.00174e-01,-1.11910e-01,8.05046e-02,3.69545e-01
7,0.29,3.94132e-01,9.42490e-01,-1.54226e-01,8.05046e-02,3.69545e-01
7,0.30,3.94132e-01,9.86411e-01,-1.98147e-01,8.05046e-02,3.69545e-01
7,0.31,3.94132e-01,1.03189e+00,-2.43628e-01,8.05046e-02,3.69545e-01
7,0.32,3.94132e-01,1.07888e+00,-2.90619e-01,8.05046e-02,3.69545e-01
7,0.33,3.94132e-01,1.12733e+00,-3.39064e-01,8.05046e-02,3.69545e-01
7,0.34,3.94132e-01,1.17717e+00,-3.88903e-01,8.05046e-02,3.69545e-01
7,0.35,3.94132e-01,1.22834e+00,-4.40074e-01,8.05046e-02,3.69545e-01
7,0.36,3.94132e-01,1.28077e+00,-4.92508e-01,8.05046e-02,3.69545e-01
7,0.37,3.94132e-01,1.33440e+00,-5.46134e-01,8.05046e-02,3.69545e-01
7,0.38,3.94132e-01,1.38914e+00,-6.00875e-01,8.05046e-02,3.69545e-01
7,0.39,3.94132e-01,1.44491e+00,-6.56651e-01,8.05046e-02,3.69545e-01
7,0.40,3.94132e-01,1.50164e+00,-7.13378e-01,8.05046e-02,3.69545e-01
7,0.41,3.94132e-01,1.55923e+00,-7.70968e-01,8.05046e-02,3.69545e-01
7,0.42,3.94132e-01,1.61759e+00,-8.29331e-01,8.05046e-02,3.69545e-01
7,0.43,3.94132e-01,1.67663e+00,-8.88371e-01,8.05046e-02,3.69545e-01
7,0.44,3.94132e-01,1.73625e+00,-9.47990e-01,8.05046e-02,3.69545e-01
7,0.45,3.94132e-01,1.79635e+00,-1.00809e+00,8.05046e-02,3.69545e-01
7,0.46,3.94132e-01,1.85682e+00,-1.06856e+00,8.05046e-02,3.69545e-01
7,0.47,3.94132e-01,1.91755e+00,-1.12929e+00,8.05046e-02,3.69545e-01
7,0.48,3.94132e-01,1.97844e+00,-1.19018e+00,8.05046e-02,3.69545e-01
7,0.49,3.94132e-01,2.03937e+00,-1.25110e+00,8.05046e-02,3.69545e-01
7,0.50,3.94132e-01,2.10022e+00,-1.31196e+00,8.05046e-02,3.69545e-01
7,0.51,3.94132e-01,2.16088e+00,-1.37261e+00,8.05046e-02,3.69545e-01
7,0.52,3.94132e-01,2.22122e+00,-1.43295e+00,8.05046e-02,3.69545e-01
7,0.53,3.94132e-01,2.28111e+00,-1.49285e+00,8.05046e-02,3.69545e-01
7,0.54,3.94132e-01,2.34045e+00,-1.55218e+00,8.05046e-02,3.69545e-01
7,0.55,3.94132e-01,2.39908e+00,-1.61082e+00,8.05046e-02,3.69545e-01
7,0.56,3.94132e-01,2.45689e+00,-1.66863e+00,8.05046e-02,3.69545e-01
7,0.57,3.94132e-01,2.51375e+00,-1.72548e+00,8.05046e-02,3.69545e-01
7,0.58,3.94132e-01,2.56951e+00,-1.78124e+00,8.05046e-02,3.69545e-01
7,0.59,3.94132e-01,2.62404e+00,-1.83578e+00,8.05046e-02,3.69545e-01
7,0.60,3.94132e-01,2.67721e+00,-1.88895e+00,8.05046e-02,3.69545e-01
8,0.00,3.60562e-01,3.60562e-01,3.60562e-01,1.04103e-01,3.41256e-01
8,0.01,3.60562e-01,3.60580e-01,3.60545e-01,1.04103e-01,3.41256e-01
8,0.02,3.60562e-01,3.60701e-01,3.60424e-01,1.04103e-01,3.41256e-01
8,0.03,3.60562e-01,3.61031e-01,3.60094e-01,1.04103e-01,3.41256e-01
8,0.04,3.60562e-01,3.61672e-01,3.59453e-01,1.04103e-01,3.41256e-01
8,0.05,3.60562e-01,3.62726e-01,3.58399e-01,1.04103e-01,3.41256e-01
8,0.06,3.60562e-01,3.64296e-01,3.56829e-01,1.04103e-01,3.41256e-01
8,0.07,3.60562e-01,3.66480e-01,3.54644e-01,1.04103e-01,3.41256e-01
8,0.08,3.60562e-01,3.69378e-01,3.51747e-01,1.04103e-01,3.41256e-01
8,0.09,3.60562e-01,3.73085e-01,3.48040e-01,1.04103e-01,3.41256e-01
8,0.10,3.60562e-01,3.77695e-01,3.43430e-01,1.04103e-01,3.41256e-01
8,0.11,3.60562e-01,3.83300e-01,3.37825e-01,1.04103e-01,3.41256e-01
8,0.12,3.60562e-01,3.89988e-01,3.31137e-01,1.04103e-01,3.41256e-01
8,0.13,3.60562e-01,3.97845e-01,3.23280e-01,1.04103e-01,3.41256e-01
8,0.14,3.60562e-01,4.06954e-01,3.14171e-01,1.04103e-01,3.41256e-01
8,0.15,3.60562e-01,4.17392e-01,3.03733e-01,1.04103e-01,3.41256e-01
8,0.16,3.60562e-01,4.29236e-01,2.91889e-01,1.04103e-01,3.41256e-01
8,0.17,3.60562e-01,4.42556e-01,2.78568e-01,1.04103e-01,3.41256e-01
8,0.18,3.60562e-01,4.57420e-01,2.63705e-01,1.04103e-01,3.41256e-01
8,0.19,3.60562e-01,4.73889e-01,2.47236e-01,1.04103e-01,3.41256e-01
8,0.20,3.60562e-01,4.92021e-01,2.29103e-01,1.04103e-01,3.41256e-01
8,0.21,3.60562e-01,5.11870e-01,2.09255e-01,1.04103e-01,3.41256e-01
8,0.22,3.60562e-01,5.33483e-01,1.87641e-01,1.04103e-01,3.41256e-01
8,0.23,3.60562e-01,5.56904e-01,1.64221e-01,1.04103e-01,3.41256e-01
8,0.24,3.60562e-01,5.82168e-01,1.38956e-01,1.04103e-01,3.41256e-01
8,0.25,3.60562e-01,6.09309e-01,1.11815e-01,1.04103e-01,3.41256e-01
8,0.26,3.60562e-01,6.38353e-01,8.27720e-02,1.04103e-01,3.41256e-01
8,0.27,3.60562e-01,6.69319e-01,5.18056e-02,1.04103e-01,3.41256e-01
8,0.28,3.60562e-01,7.02223e-01,1.89020e-02,1.04103e-01,3.41256e-01
8,0.29,3.60562e-01,7.37072e-01,-1.59474e-02,1.04103e-01,3.41256e-01
8,0.30,3.60562e-01,7.73869e-01,-5.27447e-02,1.04103e-01,3.41256e-01
8,0.31,3.60562e-01,8.12611e-01,-9.14860e-02,1.04103e-01,3.41256e-01
8,0.32,3.60562e-01,8.53286e-01,-1.32161e-01,1.04103e-01,3.41256e-01
8,0.33,3.60562e-01,8.95878e-01,-1.74753e-01,1.04103e-01,3.41256e-01
8,0.34,3.60562e-01,9.40364e-01,-2.19239e-01,1.04103e-01,3.41256e-01
8,0.35,3.60562e-01,9.86714e-01,-2.65589e-01,1.04103e-01,3.41256e-01
8,0.36,3.60562e-01,1.03489e+00,-3.13767e-01,1.04103e-01,3.41256e-01
8,0.37,3.60562e-01,1.08486e+00,-3.63731e-01,1.04103e-01,3.41256e-01
8,0.38,3.60562e-01,1.13656e+00,-4.15431e-01,1.04103e-01,3.41256e-01
8,0.39,3.60562e-01,1.18994e+00,-4.68812e-01,1.04103e-01,3.41256e-01
8,0.40,3.60562e-01,1.24494e+00,-5.23812e-01,1.04103e-01,3.41256e-01
8,0.41,3.60562e-01,1.30149e+00,-5.80361e-01,1.04103e-01,3.41256e-01
8,0.42,3.60562e-01,1.35951e+00,-6.38385e-01,1.04103e-01,3.41256e-01
8,0.43,3.60562e-01,1.41893e+00,-6.97803e-01,1.04103e-01,3.41256e-01
8,0.44,3.60562e-01,1.47965e+00,-7.58525e-01,1.04103e-01,3.41256e-01
8,0.45,3.60562e-01,1.54158e+00,-8.20460e-01,1.04103e-01,3.41256e-01
8,0.46,3.60562e-01,1.60463e+00,-8.83505e-01,1.04103e-01,3.41256e-01
8,0.47,3.60562e-01,1.66868e+00,-9.47555e-01,1.04103e-01,3.41256e-01
8,0.48,3.60562e-01,1.73362e+00,-1.01250e+00,1.04103e-01,3.41256e-01
8,0.49,3.60562e-01,1.79934e+00,-1.07822e+00,1.04103e-01,3.41256e-01
8,0.50,3.60562e-01,1.86571e+00,-1.14458e+00,1.04103e-01,3.41256e-01
8,0.51,3.60562e-01,1.93260e+00,-1.21147e+00,1.04103e-01,3.41256e-01
8,0.52,3.60562e-01,1.99987e+00,-1.27875e+00,1.04103e-01,3.41256e-01
8,0.53,3.60562e-01,2.06740e+00,-1.34627e+00,1.04103e-01,3.41256e-01
8,0.54,3.60562e-01,2.13502e+00,-1.41390e+00,1.04103e-01,3.41256e-01
8,0.55,3.60562e-01,2.20259e+00,-1.48147e+00,1.04103e-01,3.41256e-01
8,0.56,3.60562e-01,2.26996e+00,-1.54884e+00,1.04103e-01,3.41256e-01
8,0.57,3.60562e-01,2.33697e+00,-1.61585e+00,1.04103e-01,3.41256e-01
8,0.58,3.60562e-01,2.40345e+00,-1.68232e+00,1.04103e-01,3.41256e-01
8,0.59,3.60562e-01,2.46923e+00,-1.74810e+00,1.04103e-01,3.41256e-01
8,0.60,3.60562e-01,2.53414e+00,-1.81301e+00,1.04103e-01,3.41256e-01
9,0.00,3.33333e-01,3.33333e-01,3.33333e-01,1.26655e-01,3.17720e-01
9,0.01,3.33333e-01,3.33336e-01,3.33331e-01,1.26655e-01,3.17720e-01
9,0.02,3.33333e-01,3.33358e-01,3.33308e-01,1.26655e-01,3.17720e-01
9,0.03,3.33333e-01,3.33437e-01,3.33230e-01,1.26655e-01,3.17720e-01
9,0.04,3.33333e-01,3.33616e-01,3.33051e-01,1.26655e-01,3.17720e-01
9,0.05,3.33333e-01,3.33949e-01,3.32717e-01,1.26655e-01,3.17720e-01
9,0.06,3.33333e-01,3.34497e-01,3.32169e-01,1.26655e-01,3.17720e-01
9,0.07,3.33333e-01,3.35326e-01,3.31341e-01,1.26655e-01,3.17720e-01
9,0.08,3.33333e-01,3.36506e-01,3.30161e-01,1.26655e-01,3.17720e-01
9,0.09,3.33333e-01,3.38113e-01,3.28554e-01,1.26655e-01,3.17720e-01
9,0.10,3.33333e-01,3.40224e-01,3.26442e-01,1.26655e-01,3.17720e-01
9,0.11,3.33333e-01,3.42922e-01,3.23744e-01,1.26655e-01,3.17720e-01
9,0.12,3.33333e-01,3.46291e-01,3.20376e-01,1.26655e-01,3.17720e-01
9,0.13,3.33333e-01,3.50416e-01,3.16251e-01,1.26655e-01,3.17720e-01
9,0.14,3.33333e-01,3.55385e-01,3.11282e-01,1.26655e-01,3.17720e-01
9,0.15,3.33333e-01,3.61284e-01,3.05382e-01,1.26655e-01,3.17720e-01
9,0.16,3.33333e-01,3.68204e-01,2.98463e-01,1.26655e-01,3.17720e-01
9,0.17,3.33333e-01,3.76231e-01,2.90436e-01,1.26655e-01,3.17720e-01
9,0.18,3.33333e-01,3.85453e-01,2.81214e-01,1.26655e-01,3.17720e-01
9,0.19,3.33333e-01,3.95957e-01,2.70710e-01,1.26655e-01,3.17720e-01
9,0.20,3.33333e-01,4.07827e-01,2.58839e-01,1.26655e-01,3.17720e-01
9,0.21,3.33333e-01,4.21147e-01,2.45520e-01,1.26655e-01,3.17720e-01
9,0.22,3.33333e-01,4.35996e-01,2.30670e-01,1.26655e-01,3.17720e-01
9,0.23,3.33333e-01,4.52453e-01,2.14214e-01,1.26655e-01,3.17720e-01
9,0.24,3.33333e-01,4.70591e-01,1.96076e-01,1.26655e-01,3.17720e-01
9,0.25,3.33333e-01,4.90480e-01,1.76186e-01,1.26655e-01,3.17720e-01
9,0.26,3.33333e-01,5.12188e-01,1.54478e-01,1.26655e-01,3.17720e-01
9,0.27,3.33333e-01,5.35776e-01,1.30890e-01,1.26655e-01,3.17720e-01
9,0.28,3.33333e-01,5.61301e-01,1.05366e-01,1.26655e-01,3.17720e-01
9,0.29,3.33333e-01,5.88815e-01,7.78521e-02,1.26655e-01,3.17720e-01
9,0.30,3.33333e-01,6.18363e-01,4.83040e-02,1.26655e-01,3.17720e-01
9,0.31,3.33333e-01,6.49986e-01,1.66810e-02,1.26655e-01,3.17720e-01
9,0.32,3.33333e-01,6.83717e-01,-1.70505e-02,1.26655e-01,3.17720e-01
9,0.33,3.33333e-01,7.19585e-01,-5.29179e-02,1.26655e-01,3.17720e-01
9,0.34,3.33333e-01,7.57608e-01,-9.09415e-02,1.26655e-01,3.17720e-01
9,0.35,3.33333e-01,7.97801e-01,-1.31134e-01,1.26655e-01,3.17720e-01
9,0.36,3.33333e-01,8.40169e-01,-1.73503e-01,1.26655e-01,3.17720e-01
9,0.37,3.33333e-01,8.84711e-01,-2.18044e-01,1.26655e-01,3.17720e-01
9,0.38,3.33333e-01,9.31416e-01,-2.64749e-01,1.26655e-01,3.17720e-01
9,0.39,3.33333e-01,9.80266e-01,-3.13600e-01,1.26655e-01,3.17720e-01
9,0.40,3.33333e-01,1.03124e+00,-3.64570e-01,1.26655e-01,3.17720e-01
9,0.41,3.33333e-01,1.08429e+00,-4.17625e-01,1.26655e-01,3.17720e-01
9,0.42,3.33333e-01,1.13939e+00,-4.72723e-01,1.26655e-01,3.17720e-01
9,0.43,3.33333e-01,1.19648e+00,-5.29810e-01,1.26655e-01,3.17720e-01
9,0.44,3.33333e-01,1.25549e+00,-5.88828e-01,1.26655e-01,3.17720e-01
9,0.45,3.33333e-01,1.31637e+00,-6.49706e-01,1.26655e-01,3.17720e-01
9,0.46,3.33333e-01,1.37903e+00,-7.12366e-01,1.26655e-01,3.17720e-01
9,0.47,3.33333e-01,1.44339e+00,-7.76720e-01,1.26655e-01,3.17720e-01
9,0.48,3.33333e-01,1.50934e+00,-8.42673e-01,1.26655e-01,3.17720e-01
9,0.49,3.33333e-01,1.57679e+00,-9.10120e-01,1.26655e-01,3.17720e-01
9,0.50,3.33333e-01,1.64561e+00,-9.78946e-01,1.26655e-01,3.17720e-01
9,0.51,3.33333e-01,1.71569e+00,-1.04903e+00,1.26655e-01,3.17720e-01
9,0.52,3.33333e-01,1.78690e+00,-1.12023e+00,1.26655e-01,3.17720e-01
9,0.53,3.33333e-01,1.85909e+00,-1.19242e+00,1.26655e-01,3.17720e-01
9,0.54,3.33333e-01,1.93211e+00,-1.26545e+00,1.26655e-01,3.17720e-01
9,0.55,3.33333e-01,2.00581e+00,-1.33915e+00,1.26655e-01,3.17720e-01
9,0.56,3.33333e-01,2.08002e+00,-1.41336e+00,1.26655e-01,3.17720e-01
9,0.57,3.33333e-01,2.15457e+00,-1.48790e+00,1.26655e-01,3.17720e-01
9,0.58,3.33333e-01,2.22927e+00,-1.56260e+00,1.26655e-01,3.17720e-01
9,0.59,3.33333e-01,2.30393e+00,-1.63726e+00,1.26655e-01,3.17720e-01
9,0.60,3.33333e-01,2.37835e+00,-1.71169e+00,1.26655e-01,3.17720e-01
10,0.00,3.10723e-01,3.10723e-01,3.10723e-01,1.48003e-01,2.97802e-01
10,0.01,3.10723e-01,3.10724e-01,3.10723e-01,1.48003e-01,2.97802e-01
10,0.02,3.10723e-01,3.10728e-01,3.10719e-01,1.48003e-01,2.97802e-01
10,0.03,3.10723e-01,3.10746e-01,3.10701e-01,1.48003e-01,2.97802e-01
10,0.04,3.10723e-01,3.10795e-01,3.10652e-01,1.48003e-01,2.97802e-01
10,0.05,3.10723e-01,3.10897e-01,3.10550e-01,1.48003e-01,2.97802e-01
10,0.06,3.10723e-01,3.11083e-01,3.10364e-01,1.48003e-01,2.97802e-01
10,0.07,3.10723e-01,3.11388e-01,3.10058e-01,1.48003e-01,2.97802e-01
10,0.08,3.10723e-01,3.11855e-01,3.09592e-01,1.48003e-01,2.97802e-01
10,0.09,3.10723e-01,3.12530e-01,3.08916e-01,1.48003e-01,2.97802e-01
10,0.10,3.10723e-01,3.13469e-01,3.07977e-01,1.48003e-01,2.97802e-01
10,0.11,3.10723e-01,3.14730e-01,3.06717e-01,1.48003e-01,2.97802e-01
10,0.12,3.10723e-01,3.16376e-01,3.05070e-01,1.48003e-01,2.97802e-01
10,0.13,3.10723e-01,3.18478e-01,3.02969e-01,1.48003e-01,2.97802e-01
10,0.14,3.10723e-01,3.21108e-01,3.00339e-01,1.48003e-01,2.97802e-01
10,0.15,3.10723e-01,3.24343e-01,2.97104e-01,1.48003e-01,2.97802e-01
10,0.16,3.10723e-01,3.28265e-01,2.93181e-01,1.48003e-01,2.97802e-01
10,0.17,3.10723e-01,3.32958e-01,2.88488e-01,1.48003e-01,2.97802e-01
10,0.18,3.10723e-01,3.38509e-01,2.82937e-01,1.48003e-01,2.97802e-01
10,0.19,3.10723e-01,3.45008e-01,2.76439e-01,1.48003e-01,2.97802e-01
10,0.20,3.10723e-01,3.52545e-01,2.68901e-01,1.48003e-01,2.97802e-01
10,0.21,3.10723e-01,3.61215e-01,2.60232e-01,1.48003e-01,2.97802e-01
10,0.22,3.10723e-01,3.71109e-01,2.50338e-01,1.48003e-01,2.97802e-01
10,0.23,3.10723e-01,3.82322e-01,2.39124e-01,1.48003e-01,2.97802e-01
10,0.24,3.10723e-01,3.94949e-01,2.26498e-01,1.48003e-01,2.97802e-01
10,0.25,3.10723e-01,4.09081e-01,2.12365e-01,1.48003e-01,2.97802e-01
10,0.26,3.10723e-01,4.24811e-01,1.96636e-01,1.48003e-01,2.97802e-01
10,0.27,3.10723e-01,4.42228e-01,1.79218e-01,1.48003e-01,2.97802e-01
10,0.28,3.10723e-01,4.61421e-01,1.60026e-01,1.48003e-01,2.97802e-01
10,0.29,3.10723e-01,4.82473e-01,1.38974e-01,1.48003e-01,2.97802e-01
10,0.30,3.10723e-01,5.05465e-01,1.15981e-01,1.48003e-01,2.97802e-01
10,0.31,3.10723e-01,5.30476e-01,9.09707e-02,1.48003e-01,2.97802e-01
10,0.32,3.10723e-01,5.57576e-01,6.38701e-02,1.48003e-01,2.97802e-01
10,0.33,3.10723e-01,5.86834e-01,3.46122e-02,1.48003e-01,2.97802e-01
10,0.34,3.10723e-01,6.18311e-01,3.13550e-03,1.48003e-01,2.97802e-01
10,0.35,3.10723e-01,6.52062e-01,-3.06154e-02,1.48003e-01,2.97802e-01
10,0.36,3.10723e-01,6.88136e-01,-6.66891e-02,1.48003e-01,2.97802e-01
10,0.37,3.10723e-01,7.26573e-01,-1.05127e-01,1.48003e-01,2.97802e-01
10,0.38,3.10723e-01,7.67409e-01,-1.45962e-01,1.48003e-01,2.97802e-01
10,0.39,3.10723e-01,8.10667e-01,-1.89221e-01,1.48003e-01,2.97802e-01
10,0.40,3.10723e-01,8.56365e-01,-2.34919e-01,1.48003e-01,2.97802e-01
10,0.41,3.10723e-01,9.04511e-01,-2.83064e-01,1.48003e-01,2.97802e-01
10,0.42,3.10723e-01,9.55102e-01,-3.33655e-01,1.48003e-01,2.97802e-01
10,0.43,3.10723e-01,1.00813e+00,-3.86680e-01,1.48003e-01,2.97802e-01
10,0.44,3.10723e-01,1.06356e+00,-4.42117e-01,1.48003e-01,2.97802e-01
10,0.45,3.10723e-01,1.12138e+00,-4.99934e-01,1.48003e-01,2.97802e-01
10,0.46,3.10723e-01,1.18153e+00,-5.60086e-01,1.48003e-01,2.97802e-01
10,0.47,3.10723e-01,1.24397e+00,-6.22520e-01,1.48003e-01,2.97802e-01
10,0.48,3.10723e-01,1.30862e+00,-6.87169e-01,1.48003e-01,2.97802e-01
10,0.49,3.10723e-01,1.37540e+00,-7.53956e-01,1.48003e-01,2.97802e-01
10,0.50,3.10723e-01,1.44424e+00,-8.22792e-01,1.48003e-01,2.97802e-01
10,0.51,3.10723e-01,1.51502e+00,-8.93576e-01,1.48003e-01,2.97802e-01
10,0.52,3.10723e-01,1.58764e+00,-9.66193e-01,1.48003e-01,2.97802e-01
10,0.53,3.10723e-01,1.66196e+00,-1.04052e+00,1.48003e-01,2.97802e-01
10,0.54,3.10723e-01,1.73786e+00,-1.11641e+00,1.48003e-01,2.97802e-01
10,0.55,3.10723e-01,1.81518e+00,-1.19373e+00,1.48003e-01,2.97802e-01
10,0.56,3.10723e-01,1.89375e+00,-1.27230e+00,1.48003e-01,2.97802e-01
10,0.57,3.10723e-01,1.97341e+00,-1.35196e+00,1.48003e-01,2.97802e-01
10,0.58,3.10723e-01,2.05396e+00,-1.43252e+00,1.48003e-01,2.97802e-01
10,0.59,3.10723e-01,2.13521e+00,-1.51377e+00,1.48003e-01,2.97802e-01
10,0.60,3.10723e-01,2.21695e+00,-1.59550e+00,1.48003e-01,2.97802e-01
11,0.00,2.91594e-01,2.91594e-01,2.91594e-01,1.68127e-01,2.80700e-01
11,0.01,2.91594e-01,2.91594e-01,2.91594e-01,1.68127e-01,2.80700e-01
11,0.02,2.91594e-01,2.91595e-01,2.91593e-01,1.68127e-01,2.80700e-01
11,0.03,2.91594e-01,2.91599e-01,2.91589e-01,1.68127e-01,2.80700e-01
11,0.04,2.91594e-01,2.91612e-01,2.91576e-01,1.68127e-01,2.80700e-01
11,0.05,2.91594e-01,2.91643e-01,2.91545e-01,1.68127e-01,2.80700e-01
11,0.06,2.91594e-01,2.91704e-01,2.91484e-01,1.68127e-01,2.80700e-01
11,0.07,2.91594e-01,2.91814e-01,2.91374e-01,1.68127e-01,2.80700e-01
11,0.08,2.91594e-01,2.91994e-01,2.91194e-01,1.68127e-01,2.80700e-01
11,0.09,2.91594e-01,2.92272e-01,2.90916e-01,1.68127e-01,2.80700e-01
11,0.10,2.91594e-01,2.92680e-01,2.90508e-01,1.68127e-01,2.80700e-01
11,0.11,2.91594e-01,2.93255e-01,2.89933e-01,1.68127e-01,2.80700e-01
11,0.12,2.91594e-01,2.94042e-01,2.89146e-01,1.68127e-01,2.80700e-01
11,0.13,2.91594e-01,2.95088e-01,2.88100e-01,1.68127e-01,2.80700e-01
11,0.14,2.91594e-01,2.96448e-01,2.86741e-01,1.68127e-01,2.80700e-01
11,0.15,2.91594e-01,2.98181e-01,2.85007e-01,1.68127e-01,2.80700e-01
11,0.16,2.91594e-01,3.00352e-01,2.82836e-01,1.68127e-01,2.80700e-01
11,0.17,2.91594e-01,3.03032e-01,2.80156e-01,1.68127e-01,2.80700e-01
11,0.18,2.91594e-01,3.06296e-01,2.76892e-01,1.68127e-01,2.80700e-01
11,0.19,2.91594e-01,3.10223e-01,2.72965e-01,1.68127e-01,2.80700e-01
11,0.20,2.91594e-01,3.14897e-01,2.68291e-01,1.68127e-01,2.80700e-01
11,0.21,2.91594e-01,3.20408e-01,2.62780e-01,1.68127e-01,2.80700e-01
11,0.22,2.91594e-01,3.26846e-01,2.56342e-01,1.68127e-01,2.80700e-01
11,0.23,2.91594e-01,3.34307e-01,2.48881e-01,1.68127e-01,2.80700e-01
11,0.24,2.91594e-01,3.42889e-01,2.40299e-01,1.68127e-01,2.80700e-01
11,0.25,2.91594e-01,3.52693e-01,2.30495e-01,1.68127e-01,2.80700e-01
11,0.26,2.91594e-01,3.63821e-01,2.19367e-01,1.68127e-01,2.80700e-01
11,0.27,2.91594e-01,3.76377e-01,2.06811e-01,1.68127e-01,2.80700e-01
11,0.28,2.91594e-01,3.90464e-01,1.92724e-01,1.68127e-01,2.80700e-01
11,0.29,2.91594e-01,4.06187e-01,1.77001e-01,1.68127e-01,2.80700e-01
11,0.30,2.91594e-01,4.23650e-01,1.59538e-01,1.68127e-01,2.80700e-01
11,0.31,2.91594e-01,4.42954e-01,1.40234e-01,1.68127e-01,2.80700e-01
11,0.32,2.91594e-01,4.64201e-01,1.18987e-01,1.68127e-01,2.80700e-01
11,0.33,2.91594e-01,4.87489e-01,9.56988e-02,1.68127e-01,2.80700e-01
11,0.34,2.91594e-01,5.12912e-01,7.02758e-02,1.68127e-01,2.80700e-01
11,0.35,2.91594e-01,5.40561e-01,4.26271e-02,1.68127e-01,2.80700e-01
11,0.36,2.91594e-01,5.70521e-01,1.26666e-02,1.68127e-01,2.80700e-01
11,0.37,2.91594e-01,6.02874e-01,-1.96858e-02,1.68127e-01,2.80700e-01
11,0.38,2.91594e-01,6.37693e-01,-5.45045e-02,1.68127e-01,2.80700e-01
11,0.39,2.91594e-01,6.75045e-01,-9.18567e-02,1.68127e-01,2.80700e-01
11,0.40,2.91594e-01,7.14990e-01,-1.31802e-01,1.68127e-01,2.80700e-01
11,0.41,2.91594e-01,7.57580e-01,-1.74392e-01,1.68127e-01,2.80700e-01
11,0.42,2.91594e-01,8.02856e-01,-2.19668e-01,1.68127e-01,2.80700e-01
11,0.43,2.91594e-01,8.50851e-01,-2.67663e-01,1.68127e-01,2.80700e-01
11,0.44,2.91594e-01,9.01588e-01,-3.18400e-01,1.68127e-01,2.80700e-01
11,0.45,2.91594e-01,9.55077e-01,-3.71889e-01,1.68127e-01,2.80700e-01
11,0.46,2.91594e-01,1.01132e+00,-4.28130e-01,1.68127e-01,2.80700e-01
11,0.47,2.91594e-01,1.07030e+00,-4.87109e-01,1.68127e-01,2.80700e-01
11,0.48,2.91594e-01,1.13199e+00,-5.48802e-01,1.68127e-01,2.80700e-01
11,0.49,2.91594e-01,1.19636e+00,-6.13169e-01,1.68127e-01,2.80700e-01
11,0.50,2.91594e-01,1.26335e+00,-6.80157e-01,1.68127e-01,2.80700e-01
11,0.51,2.91594e-01,1.33289e+00,-7.49700e-01,1.68127e-01,2.80700e-01
11,0.52,2.91594e-01,1.40490e+00,-8.21715e-01,1.68127e-01,2.80700e-01
11,0.53,2.91594e-01,1.47929e+00,-8.96106e-01,1.68127e-01,2.80700e-01
11,0.54,2.91594e-01,1.55595e+00,-9.72760e-01,1.68127e-01,2.80700e-01
11,0.55,2.91594e-01,1.63474e+00,-1.05155e+00,1.68127e-01,2.80700e-01
11,0.56,2.91594e-01,1.71552e+00,-1.13233e+00,1.68127e-01,2.80700e-01
11,0.57,2.91594e-01,1.79813e+00,-1.21494e+00,1.68127e-01,2.80700e-01
11,0.58,2.91594e-01,1.88240e+00,-1.29921e+00,1.68127e-01,2.80700e-01
11,0.59,2.91594e-01,1.96813e+00,-1.38494e+00,1.68127e-01,2.80700e-01
11,0.60,2.91594e-01,2.05511e+00,-1.47192e+00,1.68127e-01,2.80700e-01
12,0.00,2.75161e-01,2.75161e-01,2.75161e-01,1.87068e-01,2.65834e-01
12,0.01,2.75161e-01,2.75161e-01,2.75161e-01,1.87068e-01,2.65834e-01
12,0.02,2.75161e-01,2.75161e-01,2.75160e-01,1.87068e-01,2.65834e-01
12,0.03,2.75161e-01,2.75162e-01,2.75160e-01,1.87068e-01,2.65834e-01
12,0.04,2.75161e-01,2.75165e-01,2.75156e-01,1.87068e-01,2.65834e-01
12,0.05,2.75161e-01,2.75174e-01,2.75147e-01,1.87068e-01,2.65834e-01
12,0.06,2.75161e-01,2.75194e-01,2.75127e-01,1.87068e-01,2.65834e-01
12,0.07,2.75161e-01,2.75233e-01,2.75088e-01,1.87068e-01,2.65834e-01
12,0.08,2.75161e-01,2.75301e-01,2.75020e-01,1.87068e-01,2.65834e-01
12,0.09,2.75161e-01,2.75414e-01,2.74908e-01,1.87068e-01,2.65834e-01
12,0.10,2.75161e-01,2.75587e-01,2.74734e-01,1.87068e-01,2.65834e-01
12,0.11,2.75161e-01,2.75845e-01,2.74476e-01,1.87068e-01,2.65834e-01
12,0.12,2.75161e-01,2.76214e-01,2.74107e-01,1.87068e-01,2.65834e-01
12,0.13,2.75161e-01,2.76725e-01,2.73596e-01,1.87068e-01,2.65834e-01
12,0.14,2.75161e-01,2.77415e-01,2.72906e-01,1.87068e-01,2.65834e-01
12,0.15,2.75161e-01,2.78326e-01,2.71995e-01,1.87068e-01,2.65834e-01
12,0.16,2.75161e-01,2.79506e-01,2.70815e-01,1.87068e-01,2.65834e-01
12,0.17,2.75161e-01,2.81008e-01,2.69313e-01,1.87068e-01,2.65834e-01
12,0.18,2.75161e-01,2.82891e-01,2.67430e-01,1.87068e-01,2.65834e-01
12,0.19,2.75161e-01,2.85220e-01,2.65101e-01,1.87068e-01,2.65834e-01
12,0.20,2.75161e-01,2.88065e-01,2.62257e-01,1.87068e-01,2.65834e-01
12,0.21,2.75161e-01,2.91501e-01,2.58820e-01,1.87068e-01,2.65834e-01
12,0.22,2.75161e-01,2.95612e-01,2.54709e-01,1.87068e-01,2.65834e-01
12,0.23,2.75161e-01,3.00483e-01,2.49838e-01,1.87068e-01,2.65834e-01
12,0.24,2.75161e-01,3.06207e-01,2.44114e-01,1.87068e-01,2.65834e-01
12,0.25,2.75161e-01,3.12880e-01,2.37441e-01,1.87068e-01,2.65834e-01
12,0.26,2.75161e-01,3.20603e-01,2.29718e-01,1.87068e-01,2.65834e-01
12,0.27,2.75161e-01,3.29482e-01,2.20839e-01,1.87068e-01,2.65834e-01
12,0.28,2.75161e-01,3.39625e-01,2.10696e-01,1.87068e-01,2.65834e-01
12,0.29,2.75161e-01,3.51144e-01,1.99177e-01,1.87068e-01,2.65834e-01
12,0.30,2.75161e-01,3.64152e-01,1.86169e-01,1.87068e-01,2.65834e-01
12,0.31,2.75161e-01,3.78767e-01,1.71554e-01,1.87068e-01,2.65834e-01
12,0.32,2.75161e-01,3.95104e-01,1.55217e-01,1.87068e-01,2.65834e-01
12,0.33,2.75161e-01,4.13282e-01,1.37039e-01,1.87068e-01,2.65834e-01
12,0.34,2.75161e-01,4.33417e-01,1.16904e-01,1.87068e-01,2.65834e-01
12,0.35,2.75161e-01,4.55626e-01,9.46948e-02,1.87068e-01,2.65834e-01
12,0.36,2.75161e-01,4.80023e-01,7.02978e-02,1.87068e-01,2.65834e-01
12,0.37,2.75161e-01,5.06720e-01,4.36014e-02,1.87068e-01,2.65834e-01
12,0.38,2.75161e-01,5.35823e-01,1.44977e-02,1.87068e-01,2.65834e-01
12,0.39,2.75161e-01,5.67438e-01,-1.71164e-02,1.87068e-01,2.65834e-01
12,0.40,2.75161e-01,6.01660e-01,-5.13389e-02,1.87068e-01,2.65834e-01
12,0.41,2.75161e-01,6.38582e-01,-8.82611e-02,1.87068e-01,2.65834e-01
12,0.42,2.75161e-01,6.78288e-01,-1.27967e-01,1.87068e-01,2.65834e-01
12,0.43,2.75161e-01,7.20854e-01,-1.70533e-01,1.87068e-01,2.65834e-01
12,0.44,2.75161e-01,7.66346e-01,-2.16024e-01,1.87068e-01,2.65834e-01
12,0.45,2.75161e-01,8.14820e-01,-2.64498e-01,1.87068e-01,2.65834e-01
12,0.46,2.75161e-01,8.66321e-01,-3.16000e-01,1.87068e-01,2.65834e-01
12,0.47,2.75161e-01,9.20883e-01,-3.70562e-01,1.87068e-01,2.65834e-01
12,0.48,2.75161e-01,9.78526e-01,-4.28205e-01,1.87068e-01,2.65834e-01
12,0.49,2.75161e-01,1.03926e+00,-4.88935e-01,1.87068e-01,2.65834e-01
12,0.50,2.75161e-01,1.10306e+00,-5.52743e-01,1.87068e-01,2.65834e-01
12,0.51,2.75161e-01,1.16993e+00,-6.19605e-01,1.87068e-01,2.65834e-01
12,0.52,2.75161e-01,1.23980e+00,-6.89482e-01,1.87068e-01,2.65834e-01
12,0.53,2.75161e-01,1.31264e+00,-7.62314e-01,1.87068e-01,2.65834e-01
12,0.54,2.75161e-01,1.38835e+00,-8.38028e-01,1.87068e-01,2.65834e-01
12,0.55,2.75161e-01,1.46685e+00,-9.16529e-01,1.87068e-01,2.65834e-01
12,0.56,2.75161e-01,1.54803e+00,-9.97705e-01,1.87068e-01,2.65834e-01
12,0.57,2.75161e-01,1.63174e+00,-1.08142e+00,1.87068e-01,2.65834e-01
12,0.58,2.75161e-01,1.71785e+00,-1.16753e+00,1.87068e-01,2.65834e-01
12,0.59,2.75161e-01,1.80617e+00,-1.25585e+00,1.87068e-01,2.65834e-01
12,0.60,2.75161e-01,1.89652e+00,-1.34620e+00,1.87068e-01,2.65834e-01
13,0.00,2.60862e-01,2.60862e-01,2.60862e-01,2.04896e-01,2.52775e-01
13,0.01,2.60862e-01,2.60862e-01,2.60862e-01,2.04896e-01,2.52775e-01
13,0.02,2.60862e-01,2.60862e-01,2.60862e-01,2.04896e-01,2.52775e-01
13,0.03,2.60862e-01,2.60863e-01,2.60862e-01,2.04896e-01,2.52775e-01
13,0.04,2.60862e-01,2.60864e-01,2.60861e-01,2.04896e-01,2.52775e-01
13,0.05,2.60862e-01,2.60866e-01,2.60859e-01,2.04896e-01,2.52775e-01
13,0.06,2.60862e-01,2.60873e-01,2.60852e-01,2.04896e-01,2.52775e-01
13,0.07,2.60862e-01,2.60886e-01,2.60839e-01,2.04896e-01,2.52775e-01
13,0.08,2.60862e-01,2.60912e-01,2.60813e-01,2.04896e-01,2.52775e-01
13,0.09,2.60862e-01,2.60956e-01,2.60769e-01,2.04896e-01,2.52775e-01
13,0.10,2.60862e-01,2.61029e-01,2.60696e-01,2.04896e-01,2.52775e-01
13,0.11,2.60862e-01,2.61143e-01,2.60582e-01,2.04896e-01,2.52775e-01
13,0.12,2.60862e-01,2.61313e-01,2.60412e-01,2.04896e-01,2.52775e-01
13,0.13,2.60862e-01,2.61559e-01,2.60166e-01,2.04896e-01,2.52775e-01
13,0.14,2.60862e-01,2.61904e-01,2.59821e-01,2.04896e-01,2.52775e-01
13,0.15,2.60862e-01,2.62376e-01,2.59349e-01,2.04896e-01,2.52775e-01
13,0.16,2.60862e-01,2.63007e-01,2.58717e-01,2.04896e-01,2.52775e-01
13,0.17,2.60862e-01,2.63836e-01,2.57888e-01,2.04896e-01,2.52775e-01
13,0.18,2.60862e-01,2.64906e-01,2.56819e-01,2.04896e-01,2.52775e-01
13,0.19,2.60862e-01,2.66266e-01,2.55459e-01,2.04896e-01,2.52775e-01
13,0.20,2.60862e-01,2.67971e-01,2.53754e-01,2.04896e-01,2.52775e-01
13,0.21,2.60862e-01,2.70081e-01,2.51643e-01,2.04896e-01,2.52775e-01
13,0.22,2.60862e-01,2.72666e-01,2.49059e-01,2.04896e-01,2.52775e-01
13,0.23,2.60862e-01,2.75797e-01,2.45928e-01,2.04896e-01,2.52775e-01
13,0.24,2.60862e-01,2.79555e-01,2.42170e-01,2.04896e-01,2.52775e-01
13,0.25,2.60862e-01,2.84027e-01,2.37698e-01,2.04896e-01,2.52775e-01
13,0.26,2.60862e-01,2.89304e-01,2.32421e-01,2.04896e-01,2.52775e-01
13,0.27,2.60862e-01,2.95485e-01,2.26239e-01,2.04896e-01,2.52775e-01
13,0.28,2.60862e-01,3.02675e-01,2.19050e-01,2.04896e-01,2.52775e-01
13,0.29,2.60862e-01,3.10982e-01,2.10743e-01,2.04896e-01,2.52775e-01
13,0.30,2.60862e-01,3.20521e-01,2.01204e-01,2.04896e-01,2.52775e-01
13,0.31,2.60862e-01,3.31411e-01,1.90313e-01,2.04896e-01,2.52775e-01
13,0.32,2.60862e-01,3.43776e-01,1.77949e-01,2.04896e-01,2.52775e-01
13,0.33,2.60862e-01,3.57741e-01,1.63984e-01,2.04896e-01,2.52775e-01
13,0.34,2.60862e-01,3.73436e-01,1.48289e-01,2.04896e-01,2.52775e-01
13,0.35,2.60862e-01,3.90993e-01,1.30732e-01,2.04896e-01,2.52775e-01
13,0.36,2.60862e-01,4.10543e-01,1.11182e-01,2.04896e-01,2.52775e-01
13,0.37,2.60862e-01,4.32220e-01,8.95049e-02,2.04896e-01,2.52775e-01
13,0.38,2.60862e-01,4.56156e-01,6.55685e-02,2.04896e-01,2.52775e-01
13,0.39,2.60862e-01,4.82483e-01,3.92419e-02,2.04896e-01,2.52775e-01
13,0.40,2.60862e-01,5.11328e-01,1.03966e-02,2.04896e-01,2.52775e-01
13,0.41,2.60862e-01,5.42817e-01,-2.10923e-02,2.04896e-01,2.52775e-01
13,0.42,2.60862e-01,5.77070e-01,-5.53450e-02,2.04896e-01,2.52775e-01
13,0.43,2.60862e-01,6.14201e-01,-9.24758e-02,2.04896e-01,2.52775e-01
13,0.44,2.60862e-01,6.54317e-01,-1.32592e-01,2.04896e-01,2.52775e-01
13,0.45,2.60862e-01,6.97518e-01,-1.75793e-01,2.04896e-01,2.52775e-01
13,0.46,2.60862e-01,7.43894e-01,-2.22169e-01,2.04896e-01,2.52775e-01
13,0.47,2.60862e-01,7.93522e-01,-2.71798e-01,2.04896e-01,2.52775e-01
13,0.48,2.60862e-01,8.46472e-01,-3.24747e-01,2.04896e-01,2.52775e-01
13,0.49,2.60862e-01,9.02796e-01,-3.81071e-01,2.04896e-01,2.52775e-01
13,0.50,2.60862e-01,9.62534e-01,-4.40810e-01,2.04896e-01,2.52775e-01
13,0.51,2.60862e-01,1.02571e+00,-5.03986e-01,2.04896e-01,2.52775e-01
13,0.52,2.60862e-01,1.09233e+00,-5.70608e-01,2.04896e-01,2.52775e-01
13,0.53,2.60862e-01,1.16239e+00,-6.40664e-01,2.04896e-01,2.52775e-01
13,0.54,2.60862e-01,1.23585e+00,-7.14125e-01,2.04896e-01,2.52775e-01
13,0.55,2.60862e-01,1.31266e+00,-7.90940e-01,2.04896e-01,2.52775e-01
13,0.56,2.60862e-01,1.39276e+00,-8.71038e-01,2.04896e-01,2.52775e-01
13,0.57,2.60862e-01,1.47605e+00,-9.54325e-01,2.04896e-01,2.52775e-01
13,0.58,2.60862e-01,1.56241e+00,-1.04068e+00,2.04896e-01,2.52775e-01
13,0.59,2.60862e-01,1.65170e+00,-1.12997e+00,2.04896e-01,2.52775e-01
13,0.60,2.60862e-01,1.74375e+00,-1.22203e+00,2.04896e-01,2.52775e-01
14,0.00,2.48288e-01,2.48288e-01,2.48288e-01,2.21690e-01,2.41199e-01
14,0.01,2.48288e-01,2.48288e-01,2.48288e-01,2.21690e-01,2.41199e-01
14,0.02,2.48288e-01,2.48288e-01,2.48288e-01,2.21690e-01,2.41199e-01
14,0.03,2.48288e-01,2.48288e-01,2.48288e-01,2.21690e-01,2.41199e-01
14,0.04,2.48288e-01,2.48288e-01,2.48287e-01,2.21690e-01,2.41199e-01
14,0.05,2.48288e-01,2.48289e-01,2.48287e-01,2.21690e-01,2.41199e-01
14,0.06,2.48288e-01,2.48291e-01,2.48285e-01,2.21690e-01,2.41199e-01
14,0.07,2.48288e-01,2.48295e-01,2.48280e-01,2.21690e-01,2.41199e-01
14,0.08,2.48288e-01,2.48305e-01,2.48270e-01,2.21690e-01,2.41199e-01
14,0.09,2.48288e-01,2.48322e-01,2.48253e-01,2.21690e-01,2.41199e-01
14,0.10,2.48288e-01,2.48353e-01,2.48223e-01,2.21690e-01,2.41199e-01
14,0.11,2.48288e-01,2.48402e-01,2.48173e-01,2.21690e-01,2.41199e-01
14,0.12,2.48288e-01,2.48480e-01,2.48095e-01,2.21690e-01,2.41199e-01
14,0.13,2.48288e-01,2.48597e-01,2.47979e-01,2.21690e-01,2.41199e-01
14,0.14,2.48288e-01,2.48767e-01,2.47808e-01,2.21690e-01,2.41199e-01
14,0.15,2.48288e-01,2.49008e-01,2.47567e-01,2.21690e-01,2.41199e-01
14,0.16,2.48288e-01,2.49342e-01,2.47234e-01,2.21690e-01,2.41199e-01
14,0.17,2.48288e-01,2.49793e-01,2.46782e-01,2.21690e-01,2.41199e-01
14,0.18,2.48288e-01,2.50394e-01,2.46182e-01,2.21690e-01,2.41199e-01
14,0.19,2.48288e-01,2.51177e-01,2.45398e-01,2.21690e-01,2.41199e-01
14,0.20,2.48288e-01,2.52186e-01,2.44389e-01,2.21690e-01,2.41199e-01
14,0.21,2.48288e-01,2.53466e-01,2.43110e-01,2.21690e-01,2.41199e-01
14,0.22,2.48288e-01,2.55069e-01,2.41506e-01,2.21690e-01,2.41199e-01
14,0.23,2.48288e-01,2.57056e-01,2.39519e-01,2.21690e-01,2.41199e-01
14,0.24,2.48288e-01,2.59492e-01,2.37083e-01,2.21690e-01,2.41199e-01
14,0.25,2.48288e-01,2.62450e-01,2.34125e-01,2.21690e-01,2.41199e-01
14,0.26,2.48288e-01,2.66010e-01,2.30566e-01,2.21690e-01,2.41199e-01
14,0.27,2.48288e-01,2.70257e-01,2.26318e-01,2.21690e-01,2.41199e-01
14,0.28,2.48288e-01,2.75287e-01,2.21288e-01,2.21690e-01,2.41199e-01
14,0.29,2.48288e-01,2.81200e-01,2.15375e-01,2.21690e-01,2.41199e-01
14,0.30,2.48288e-01,2.88104e-01,2.08471e-01,2.21690e-01,2.41199e-01
14,0.31,2.48288e-01,2.96113e-01,2.00462e-01,2.21690e-01,2.41199e-01
14,0.32,2.48288e-01,3.05349e-01,1.91227e-01,2.21690e-01,2.41199e-01
14,0.33,2.48288e-01,3.15937e-01,1.80638e-01,2.21690e-01,2.41199e-01
14,0.34,2.48288e-01,3.28010e-01,1.68565e-01,2.21690e-01,2.41199e-01
14,0.35,2.48288e-01,3.41705e-01,1.54870e-01,2.21690e-01,2.41199e-01
14,0.36,2.48288e-01,3.57164e-01,1.39411e-01,2.21690e-01,2.41199e-01
14,0.37,2.48288e-01,3.74532e-01,1.22043e-01,2.21690e-01,2.41199e-01
14,0.38,2.48288e-01,3.93956e-01,1.02619e-01,2.21690e-01,2.41199e-01
14,0.39,2.48288e-01,4.15586e-01,8.09891e-02,2.21690e-01,2.41199e-01
14,0.40,2.48288e-01,4.39573e-01,5.70025e-02,2.21690e-01,2.41199e-01
14,0.41,2.48288e-01,4.66066e-01,3.05093e-02,2.21690e-01,2.41199e-01
14,0.42,2.48288e-01,4.95214e-01,1.36082e-03,2.21690e-01,2.41199e-01
14,0.43,2.48288e-01,5.27164e-01,-3.05889e-02,2.21690e-01,2.41199e-01
14,0.44,2.48288e-01,5.62057e-01,-6.54821e-02,2.21690e-01,2.41199e-01
14,0.45,2.48288e-01,6.00031e-01,-1.03456e-01,2.21690e-01,2.41199e-01
14,0.46,2.48288e-01,6.41214e-01,-1.44639e-01,2.21690e-01,2.41199e-01
14,0.47,2.48288e-01,6.85730e-01,-1.89155e-01,2.21690e-01,2.41199e-01
14,0.48,2.48288e-01,7.33690e-01,-2.37115e-01,2.21690e-01,2.41199e-01
14,0.49,2.48288e-01,7.85196e-01,-2.88620e-01,2.21690e-01,2.41199e-01
14,0.50,2.48288e-01,8.40334e-01,-3.43759e-01,2.21690e-01,2.41199e-01
14,0.51,2.48288e-01,8.99179e-01,-4.02604e-01,2.21690e-01,2.41199e-01
14,0.52,2.48288e-01,9.61788e-01,-4.65213e-01,2.21690e-01,2.41199e-01
14,0.53,2.48288e-01,1.02820e+00,-5.31626e-01,2.21690e-01,2.41199e-01
14,0.54,2.48288e-01,1.09844e+00,-6.01863e-01,2.21690e-01,2.41199e-01
14,0.55,2.48288e-01,1.17250e+00,-6.75925e-01,2.21690e-01,2.41199e-01
14,0.56,2.48288e-01,1.25036e+00,-7.53788e-01,2.21690e-01,2.41199e-01
14,0.57,2.48288e-01,1.33198e+00,-8.35407e-01,2.21690e-01,2.41199e-01
14,0.58,2.48288e-01,1.41728e+00,-9.20709e-01,2.21690e-01,2.41199e-01
14,0.59,2.48288e-01,1.50617e+00,-1.00959e+00,2.21690e-01,2.41199e-01
14,0.60,2.48288e-01,1.59851e+00,-1.10194e+00,2.21690e-01,2.41199e-01
