#N,e_p,a_res,k_left,k_right,e_int,a_int
3,0.00,6.93361e-01,6.97007e-01,6.89715e-01,3.94032e-01,6.29346e-01
3,0.01,6.93361e-01,7.04890e-01,6.81833e-01,3.94032e-01,6.29346e-01
3,0.02,6.93361e-01,7.09661e-01,6.77061e-01,3.94032e-01,6.29346e-01
3,0.03,6.93361e-01,7.13317e-01,6.73405e-01,3.94032e-01,6.29346e-01
3,0.04,6.93361e-01,7.16392e-01,6.70330e-01,3.94032e-01,6.29346e-01
3,0.05,6.93361e-01,7.19093e-01,6.67629e-01,3.94032e-01,6.29346e-01
3,0.06,6.93361e-01,7.21526e-01,6.65197e-01,3.94032e-01,6.29346e-01
3,0.07,6.93361e-01,7.23753e-01,6.62970e-01,3.94032e-01,6.29346e-01
3,0.08,6.93361e-01,7.25815e-01,6.60908e-01,3.94032e-01,6.29346e-01
3,0.09,6.93361e-01,7.27739e-01,6.58983e-01,3.94032e-01,6.29346e-01
3,0.10,6.93361e-01,7.29547e-01,6.57176e-01,3.94032e-01,6.29346e-01
3,0.11,6.93361e-01,7.31253e-01,6.55470e-01,3.94032e-01,6.29346e-01
3,0.12,6.93361e-01,7.32869e-01,6.53854e-01,3.94032e-01,6.29346e-01
3,0.13,6.93361e-01,7.34404e-01,6.52318e-01,3.94032e-01,6.29346e-01
3,0.14,6.93361e-01,7.35867e-01,6.50856e-01,3.94032e-01,6.29346e-01
3,0.15,6.93361e-01,7.37262e-01,6.49461e-01,3.94032e-01,6.29346e-01
3,0.16,6.93361e-01,7.38594e-01,6.48128e-01,3.94032e-01,6.29346e-01
3,0.17,6.93361e-01,7.39869e-01,6.46853e-01,3.94032e-01,6.29346e-01
3,0.18,6.93361e-01,7.41090e-01,6.45633e-01,3.94032e-01,6.29346e-01
3,0.19,6.93361e-01,7.42259e-01,6.44464e-01,3.94032e-01,6.29346e-01
3,0.20,6.93361e-01,7.43379e-01,6.43344e-01,3.94032e-01,6.29346e-01
3,0.21,6.93361e-01,7.44452e-01,6.42270e-01,3.94032e-01,6.29346e-01
3,0.22,6.93361e-01,7.45481e-01,6.41241e-01,3.94032e-01,6.29346e-01
3,0.23,6.93361e-01,7.46467e-01,6.40256e-01,3.94032e-01,6.29346e-01
3,0.24,6.93361e-01,7.47411e-01,6.39311e-01,3.94032e-01,6.29346e-01
3,0.25,6.93361e-01,7.48316e-01,6.38407e-01,3.94032e-01,6.29346e-01
3,0.26,6.93361e-01,7.49181e-01,6.37542e-01,3.94032e-01,6.29346e-01
3,0.27,6.93361e-01,7.50008e-01,6.36715e-01,3.94032e-01,6.29346e-01
3,0.28,6.93361e-01,7.50798e-01,6.35925e-01,3.94032e-01,6.29346e-01
3,0.29,6.93361e-01,7.51551e-01,6.35171e-01,3.94032e-01,6.29346e-01
3,0.30,6.93361e-01,7.52270e-01,6.34453e-01,3.94032e-01,6.29346e-01
3,0.31,6.93361e-01,7.52953e-01,6.33770e-01,3.94032e-01,6.29346e-01
3,0.32,6.93361e-01,7.53601e-01,6.33121e-01,3.94032e-01,6.29346e-01
3,0.33,6.93361e-01,7.54216e-01,6.32506e-01,3.94032e-01,6.29346e-01
3,0.34,6.93361e-01,7.54798e-01,6.31925e-01,3.94032e-01,6.29346e-01
3,0.35,6.93361e-01,7.55346e-01,6.31377e-01,3.94032e-01,6.29346e-01
3,0.36,6.93361e-01,7.55862e-01,6.30861e-01,3.94032e-01,6.29346e-01
3,0.37,6.93361e-01,7.56345e-01,6.30377e-01,3.94032e-01,6.29346e-01
3,0.38,6.93361e-01,7.56797e-01,6.29926e-01,3.94032e-01,6.29346e-01
3,0.39,6.93361e-01,7.57216e-01,6.29506e-01,3.94032e-01,6.29346e-01
3,0.40,6.93361e-01,7.57605e-01,6.29118e-01,3.94032e-01,6.29346e-01
3,0.41,6.93361e-01,7.57961e-01,6.28761e-01,3.94032e-01,6.29346e-01
3,0.42,6.93361e-01,7.58287e-01,6.28435e-01,3.94032e-01,6.29346e-01
3,0.43,6.93361e-01,7.58582e-01,6.28141e-01,3.94032e-01,6.29346e-01
3,0.44,6.93361e-01,7.58846e-01,6.27877e-01,3.94032e-01,6.29346e-01
3,0.45,6.93361e-01,7.59079e-01,6.27644e-01,3.94032e-01,6.29346e-01
3,0.46,6.93361e-01,7.59281e-01,6.27441e-01,3.94032e-01,6.29346e-01
3,0.47,6.93361e-01,7.59453e-01,6.27269e-01,3.94032e-01,6.29346e-01
3,0.48,6.93361e-01,7.59594e-01,6.27128e-01,3.94032e-01,6.29346e-01
3,0.49,6.93361e-01,7.59705e-01,6.27017e-01,3.94032e-01,6.29346e-01
3,0.50,6.93361e-01,7.59786e-01,6.26937e-01,3.94032e-01,6.29346e-01
3,0.51,6.93361e-01,7.59836e-01,6.26887e-01,3.94032e-01,6.29346e-01
3,0.52,6.93361e-01,7.59855e-01,6.26868e-01,3.94032e-01,6.29346e-01
3,0.53,6.93361e-01,7.59844e-01,6.26879e-01,3.94032e-01,6.29346e-01
3,0.54,6.93361e-01,7.59802e-01,6.26920e-01,3.94032e-01,6.29346e-01
3,0.55,6.93361e-01,7.59730e-01,6.26992e-01,3.94032e-01,6.29346e-01
3,0.56,6.93361e-01,7.59627e-01,6.27095e-01,3.94032e-01,6.29346e-01
3,0.57,6.93361e-01,7.59494e-01,6.27229e-01,3.94032e-01,6.29346e-01
3,0.58,6.93361e-01,7.59329e-01,6.27393e-01,3.94032e-01,6.29346e-01
3,0.59,6.93361e-01,7.59134e-01,6.27589e-01,3.94032e-01,6.29346e-01
3,0.60,6.93361e-01,7.58907e-01,6.27816e-01,3.94032e-01,6.29346e-01
4,0.00,5.72357e-01,5.72524e-01,5.72190e-01,2.94732e-01,5.26890e-01
4,0.01,5.72357e-01,5.74025e-01,5.70689e-01,2.94732e-01,5.26890e-01
4,0.02,5.72357e-01,5.75692e-01,5.69023e-01,2.94732e-01,5.26890e-01
4,0.03,5.72357e-01,5.77357e-01,5.67358e-01,2.94732e-01,5.26890e-01
4,0.04,5.72357e-01,5.79019e-01,5.65695e-01,2.94732e-01,5.26890e-01
4,0.05,5.72357e-01,5.80678e-01,5.64036e-01,2.94732e-01,5.26890e-01
4,0.06,5.72357e-01,5.82332e-01,5.62382e-01,2.94732e-01,5.26890e-01
4,0.07,5.72357e-01,5.83982e-01,5.60733e-01,2.94732e-01,5.26890e-01
4,0.08,5.72357e-01,5.85625e-01,5.59089e-01,2.94732e-01,5.26890e-01
4,0.09,5.72357e-01,5.87261e-01,5.57453e-01,2.94732e-01,5.26890e-01
4,0.10,5.72357e-01,5.88889e-01,5.55825e-01,2.94732e-01,5.26890e-01
4,0.11,5.72357e-01,5.90509e-01,5.54205e-01,2.94732e-01,5.26890e-01
4,0.12,5.72357e-01,5.92119e-01,5.52595e-01,2.94732e-01,5.26890e-01
4,0.13,5.72357e-01,5.93719e-01,5.50996e-01,2.94732e-01,5.26890e-01
4,0.14,5.72357e-01,5.95307e-01,5.49407e-01,2.94732e-01,5.26890e-01
4,0.15,5.72357e-01,5.96883e-01,5.47831e-01,2.94732e-01,5.26890e-01
4,0.16,5.72357e-01,5.98446e-01,5.46268e-01,2.94732e-01,5.26890e-01
4,0.17,5.72357e-01,5.99996e-01,5.44719e-01,2.94732e-01,5.26890e-01
4,0.18,5.72357e-01,6.01530e-01,5.43184e-01,2.94732e-01,5.26890e-01
4,0.19,5.72357e-01,6.03050e-01,5.41665e-01,2.94732e-01,5.26890e-01
4,0.20,5.72357e-01,6.04552e-01,5.40162e-01,2.94732e-01,5.26890e-01
4,0.21,5.72357e-01,6.06038e-01,5.38676e-01,2.94732e-01,5.26890e-01
4,0.22,5.72357e-01,6.07506e-01,5.37208e-01,2.94732e-01,5.26890e-01
4,0.23,5.72357e-01,6.08955e-01,5.35759e-01,2.94732e-01,5.26890e-01
4,0.24,5.72357e-01,6.10384e-01,5.34330e-01,2.94732e-01,5.26890e-01
4,0.25,5.72357e-01,6.11793e-01,5.32921e-01,2.94732e-01,5.26890e-01
4,0.26,5.72357e-01,6.13181e-01,5.31534e-01,2.94732e-01,5.26890e-01
4,0.27,5.72357e-01,6.14546e-01,5.30168e-01,2.94732e-01,5.26890e-01
4,0.28,5.72357e-01,6.15889e-01,5.28825e-01,2.94732e-01,5.26890e-01
4,0.29,5.72357e-01,6.17208e-01,5.27506e-01,2.94732e-01,5.26890e-01
4,0.30,5.72357e-01,6.18503e-01,5.26211e-01,2.94732e-01,5.26890e-01
4,0.31,5.72357e-01,6.19773e-01,5.24942e-01,2.94732e-01,5.26890e-01
4,0.32,5.72357e-01,6.21017e-01,5.23698e-01,2.94732e-01,5.26890e-01
4,0.33,5.72357e-01,6.22234e-01,5.22481e-01,2.94732e-01,5.26890e-01
4,0.34,5.72357e-01,6.23423e-01,5.21291e-01,2.94732e-01,5.26890e-01
4,0.35,5.72357e-01,6.24585e-01,5.20129e-01,2.94732e-01,5.26890e-01
4,0.36,5.72357e-01,6.25718e-01,5.18997e-01,2.94732e-01,5.26890e-01
4,0.37,5.72357e-01,6.26821e-01,5.17894e-01,2.94732e-01,5.26890e-01
4,0.38,5.72357e-01,6.27893e-01,5.16821e-01,2.94732e-01,5.26890e-01
4,0.39,5.72357e-01,6.28935e-01,5.15779e-01,2.94732e-01,5.26890e-01
4,0.40,5.72357e-01,6.29945e-01,5.14770e-01,2.94732e-01,5.26890e-01
4,0.41,5.72357e-01,6.30922e-01,5.13792e-01,2.94732e-01,5.26890e-01
4,0.42,5.72357e-01,6.31866e-01,5.12848e-01,2.94732e-01,5.26890e-01
4,0.43,5.72357e-01,6.32776e-01,5.11938e-01,2.94732e-01,5.26890e-01
4,0.44,5.72357e-01,6.33652e-01,5.11063e-01,2.94732e-01,5.26890e-01
4,0.45,5.72357e-01,6.34492e-01,5.10222e-01,2.94732e-01,5.26890e-01
4,0.46,5.72357e-01,6.35296e-01,5.09418e-01,2.94732e-01,5.26890e-01
4,0.47,5.72357e-01,6.36064e-01,5.08650e-01,2.94732e-01,5.26890e-01
4,0.48,5.72357e-01,6.36794e-01,5.07920e-01,2.94732e-01,5.26890e-01
4,0.49,5.72357e-01,6.37487e-01,5.07228e-01,2.94732e-01,5.26890e-01
4,0.50,5.72357e-01,6.38140e-01,5.06574e-01,2.94732e-01,5.26890e-01
4,0.51,5.72357e-01,6.38755e-01,5.05959e-01,2.94732e-01,5.26890e-01
4,0.52,5.72357e-01,6.39329e-01,5.05385e-01,2.94732e-01,5.26890e-01
4,0.53,5.72357e-01,6.39863e-01,5.04851e-01,2.94732e-01,5.26890e-01
4,0.54,5.72357e-01,6.40356e-01,5.04358e-01,2.94732e-01,5.26890e-01
4,0.55,5.72357e-01,6.40806e-01,5.03908e-01,2.94732e-01,5.26890e-01
4,0.56,5.72357e-01,6.41214e-01,5.03500e-01,2.94732e-01,5.26890e-01
4,0.57,5.72357e-01,6.41579e-01,5.03135e-01,2.94732e-01,5.26890e-01
4,0.58,5.72357e-01,6.41900e-01,5.02814e-01,2.94732e-01,5.26890e-01
4,0.59,5.72357e-01,6.42176e-01,5.02538e-01,2.94732e-01,5.26890e-01
4,0.60,5.72357e-01,6.42407e-01,5.02307e-01,2.94732e-01,5.26890e-01
5,0.00,4.93242e-01,4.93250e-01,4.93235e-01,2.90198e-01,4.60276e-01
5,0.01,4.93242e-01,4.93472e-01,4.93013e-01,2.90198e-01,4.60276e-01
5,0.02,4.93242e-01,4.93892e-01,4.92593e-01,2.90198e-01,4.60276e-01
5,0.03,4.93242e-01,4.94436e-01,4.92049e-01,2.90198e-01,4.60276e-01
5,0.04,4.93242e-01,4.95078e-01,4.91406e-01,2.90198e-01,4.60276e-01
5,0.05,4.93242e-01,4.95806e-01,4.90679e-01,2.90198e-01,4.60276e-01
5,0.06,4.93242e-01,4.96608e-01,4.89876e-01,2.90198e-01,4.60276e-01
5,0.07,4.93242e-01,4.97479e-01,4.89006e-01,2.90198e-01,4.60276e-01
5,0.08,4.93242e-01,4.98410e-01,4.88075e-01,2.90198e-01,4.60276e-01
5,0.09,4.93242e-01,4.99398e-01,4.87086e-01,2.90198e-01,4.60276e-01
5,0.10,4.93242e-01,5.00439e-01,4.86046e-01,2.90198e-01,4.60276e-01
5,0.11,4.93242e-01,5.01527e-01,4.84958e-01,2.90198e-01,4.60276e-01
5,0.12,4.93242e-01,5.02660e-01,4.83825e-01,2.90198e-01,4.60276e-01
5,0.13,4.93242e-01,5.03835e-01,4.82650e-01,2.90198e-01,4.60276e-01
5,0.14,4.93242e-01,5.05048e-01,4.81437e-01,2.90198e-01,4.60276e-01
5,0.15,4.93242e-01,5.06297e-01,4.80188e-01,2.90198e-01,4.60276e-01
5,0.16,4.93242e-01,5.07579e-01,4.78906e-01,2.90198e-01,4.60276e-01
5,0.17,4.93242e-01,5.08891e-01,4.77594e-01,2.90198e-01,4.60276e-01
5,0.18,4.93242e-01,5.10232e-01,4.76253e-01,2.90198e-01,4.60276e-01
5,0.19,4.93242e-01,5.11598e-01,4.74887e-01,2.90198e-01,4.60276e-01
5,0.20,4.93242e-01,5.12987e-01,4.73498e-01,2.90198e-01,4.60276e-01
5,0.21,4.93242e-01,5.14397e-01,4.72088e-01,2.90198e-01,4.60276e-01
5,0.22,4.93242e-01,5.15826e-01,4.70659e-01,2.90198e-01,4.60276e-01
5,0.23,4.93242e-01,5.17272e-01,4.69213e-01,2.90198e-01,4.60276e-01
5,0.24,4.93242e-01,5.18732e-01,4.67753e-01,2.90198e-01,4.60276e-01
5,0.25,4.93242e-01,5.20205e-01,4.66280e-01,2.90198e-01,4.60276e-01
5,0.26,4.93242e-01,5.21688e-01,4.64797e-01,2.90198e-01,4.60276e-01
5,0.27,4.93242e-01,5.23179e-01,4.63306e-01,2.90198e-01,4.60276e-01
5,0.28,4.93242e-01,5.24677e-01,4.61808e-01,2.90198e-01,4.60276e-01
5,0.29,4.93242e-01,5.26179e-01,4.60306e-01,2.90198e-01,4.60276e-01
5,0.30,4.93242e-01,5.27683e-01,4.58802e-01,2.90198e-01,4.60276e-01
5,0.31,4.93242e-01,5.29187e-01,4.57297e-01,2.90198e-01,4.60276e-01
5,0.32,4.93242e-01,5.30690e-01,4.55795e-01,2.90198e-01,4.60276e-01
5,0.33,4.93242e-01,5.32190e-01,4.54295e-01,2.90198e-01,4.60276e-01
5,0.34,4.93242e-01,5.33683e-01,4.52802e-01,2.90198e-01,4.60276e-01
5,0.35,4.93242e-01,5.35170e-01,4.51315e-01,2.90198e-01,4.60276e-01
5,0.36,4.93242e-01,5.36647e-01,4.49838e-01,2.90198e-01,4.60276e-01
5,0.37,4.93242e-01,5.38113e-01,4.48372e-01,2.90198e-01,4.60276e-01
5,0.38,4.93242e-01,5.39565e-01,4.46919e-01,2.90198e-01,4.60276e-01
5,0.39,4.93242e-01,5.41003e-01,4.45482e-01,2.90198e-01,4.60276e-01
5,0.40,4.93242e-01,5.42424e-01,4.44061e-01,2.90198e-01,4.60276e-01
5,0.41,4.93242e-01,5.43827e-01,4.42658e-01,2.90198e-01,4.60276e-01
5,0.42,4.93242e-01,5.45209e-01,4.41276e-01,2.90198e-01,4.60276e-01
5,0.43,4.93242e-01,5.46568e-01,4.39916e-01,2.90198e-01,4.60276e-01
5,0.44,4.93242e-01,5.47904e-01,4.38581e-01,2.90198e-01,4.60276e-01
5,0.45,4.93242e-01,5.49214e-01,4.37271e-01,2.90198e-01,4.60276e-01
5,0.46,4.93242e-01,5.50496e-01,4.35989e-01,2.90198e-01,4.60276e-01
5,0.47,4.93242e-01,5.51749e-01,4.34736e-01,2.90198e-01,4.60276e-01
5,0.48,4.93242e-01,5.52970e-01,4.33515e-01,2.90198e-01,4.60276e-01
5,0.49,4.93242e-01,5.54159e-01,4.32326e-01,2.90198e-01,4.60276e-01
5,0.50,4.93242e-01,5.55312e-01,4.31172e-01,2.90198e-01,4.60276e-01
5,0.51,4.93242e-01,5.56430e-01,4.30055e-01,2.90198e-01,4.60276e-01
5,0.52,4.93242e-01,5.57509e-01,4.28976e-01,2.90198e-01,4.60276e-01
5,0.53,4.93242e-01,5.58549e-01,4.27936e-01,2.90198e-01,4.60276e-01
5,0.54,4.93242e-01,5.59547e-01,4.26938e-01,2.90198e-01,4.60276e-01
5,0.55,4.93242e-01,5.60502e-01,4.25983e-01,2.90198e-01,4.60276e-01
5,0.56,4.93242e-01,5.61411e-01,4.25073e-01,2.90198e-01,4.60276e-01
5,0.57,4.93242e-01,5.62275e-01,4.24210e-01,2.90198e-01,4.60276e-01
5,0.58,4.93242e-01,5.63090e-01,4.23395e-01,2.90198e-01,4.60276e-01
5,0.59,4.93242e-01,5.63855e-01,4.22630e-01,2.90198e-01,4.60276e-01
5,0.60,4.93242e-01,5.64569e-01,4.21916e-01,2.90198e-01,4.60276e-01
6,0.00,4.36790e-01,4.36791e-01,4.36790e-01,3.00219e-01,4.11829e-01
6,0.01,4.36790e-01,4.36821e-01,4.36760e-01,3.00219e-01,4.11829e-01
6,0.02,4.36790e-01,4.36913e-01,4.36667e-01,3.00219e-01,4.11829e-01
6,0.03,4.36790e-01,4.37066e-01,4.36514e-01,3.00219e-01,4.11829e-01
6,0.04,4.36790e-01,4.37281e-01,4.36300e-01,3.00219e-01,4.11829e-01
6,0.05,4.36790e-01,4.37556e-01,4.36024e-01,3.00219e-01,4.11829e-01
6,0.06,4.36790e-01,4.37892e-01,4.35689e-01,3.00219e-01,4.11829e-01
6,0.07,4.36790e-01,4.38287e-01,4.35293e-01,3.00219e-01,4.11829e-01
6,0.08,4.36790e-01,4.38742e-01,4.34838e-01,3.00219e-01,4.11829e-01
6,0.09,4.36790e-01,4.39256e-01,4.34324e-01,3.00219e-01,4.11829e-01
6,0.10,4.36790e-01,4.39828e-01,4.33752e-01,3.00219e-01,4.11829e-01
6,0.11,4.36790e-01,4.40457e-01,4.33123e-01,3.00219e-01,4.11829e-01
6,0.12,4.36790e-01,4.41143e-01,4.32437e-01,3.00219e-01,4.11829e-01
6,0.13,4.36790e-01,4.41884e-01,4.31696e-01,3.00219e-01,4.11829e-01
6,0.14,4.36790e-01,4.42680e-01,4.30900e-01,3.00219e-01,4.11829e-01
6,0.15,4.36790e-01,4.43529e-01,4.30051e-01,3.00219e-01,4.11829e-01
6,0.16,4.36790e-01,4.44431e-01,4.29150e-01,3.00219e-01,4.11829e-01
6,0.17,4.36790e-01,4.45383e-01,4.28197e-01,3.00219e-01,4.11829e-01
6,0.18,4.36790e-01,4.46386e-01,4.27195e-01,3.00219e-01,4.11829e-01
6,0.19,4.36790e-01,4.47436e-01,4.26144e-01,3.00219e-01,4.11829e-01
6,0.20,4.36790e-01,4.48534e-01,4.25047e-01,3.00219e-01,4.11829e-01
6,0.21,4.36790e-01,4.49677e-01,4.23904e-01,3.00219e-01,4.11829e-01
6,0.22,4.36790e-01,4.50863e-01,4.22717e-01,3.00219e-01,4.11829e-01
6,0.23,4.36790e-01,4.52092e-01,4.21489e-01,3.00219e-01,4.11829e-01
6,0.24,4.36790e-01,4.53361e-01,4.20220e-01,3.00219e-01,4.11829e-01
6,0.25,4.36790e-01,4.54669e-01,4.18912e-01,3.00219e-01,4.11829e-01
6,0.26,4.36790e-01,4.56013e-01,4.17567e-01,3.00219e-01,4.11829e-01
6,0.27,4.36790e-01,4.57392e-01,4.16188e-01,3.00219e-01,4.11829e-01
6,0.28,4.36790e-01,4.58805e-01,4.14776e-01,3.00219e-01,4.11829e-01
6,0.29,4.36790e-01,4.60248e-01,4.13333e-01,3.00219e-01,4.11829e-01
6,0.30,4.36790e-01,4.61719e-01,4.11861e-01,3.00219e-01,4.11829e-01
6,0.31,4.36790e-01,4.63218e-01,4.10363e-01,3.00219e-01,4.11829e-01
6,0.32,4.36790e-01,4.64741e-01,4.08840e-01,3.00219e-01,4.11829e-01
6,0.33,4.36790e-01,4.66286e-01,4.07295e-01,3.00219e-01,4.11829e-01
6,0.34,4.36790e-01,4.67851e-01,4.05730e-01,3.00219e-01,4.11829e-01
6,0.35,4.36790e-01,4.69434e-01,4.04147e-01,3.00219e-01,4.11829e-01
6,0.36,4.36790e-01,4.71032e-01,4.02549e-01,3.00219e-01,4.11829e-01
6,0.37,4.36790e-01,4.72642e-01,4.00938e-01,3.00219e-01,4.11829e-01
6,0.38,4.36790e-01,4.74263e-01,3.99317e-01,3.00219e-01,4.11829e-01
6,0.39,4.36790e-01,4.75893e-01,3.97688e-01,3.00219e-01,4.11829e-01
6,0.40,4.36790e-01,4.77527e-01,3.96054e-01,3.00219e-01,4.11829e-01
6,0.41,4.36790e-01,4.79164e-01,3.94416e-01,3.00219e-01,4.11829e-01
6,0.42,4.36790e-01,4.80802e-01,3.92779e-01,3.00219e-01,4.11829e-01
6,0.43,4.36790e-01,4.82437e-01,3.91144e-01,3.00219e-01,4.11829e-01
6,0.44,4.36790e-01,4.84067e-01,3.89514e-01,3.00219e-01,4.11829e-01
6,0.45,4.36790e-01,4.85689e-01,3.87891e-01,3.00219e-01,4.11829e-01
6,0.46,4.36790e-01,4.87301e-01,3.86279e-01,3.00219e-01,4.11829e-01
6,0.47,4.36790e-01,4.88900e-01,3.84680e-01,3.00219e-01,4.11829e-01
6,0.48,4.36790e-01,4.90483e-01,3.83097e-01,3.00219e-01,4.11829e-01
6,0.49,4.36790e-01,4.92048e-01,3.81533e-01,3.00219e-01,4.11829e-01
6,0.50,4.36790e-01,4.93591e-01,3.79990e-01,3.00219e-01,4.11829e-01
6,0.51,4.36790e-01,4.95109e-01,3.78471e-01,3.00219e-01,4.11829e-01
6,0.52,4.36790e-01,4.96601e-01,3.76979e-01,3.00219e-01,4.11829e-01
6,0.53,4.36790e-01,4.98064e-01,3.75517e-01,3.00219e-01,4.11829e-01
6,0.54,4.36790e-01,4.99493e-01,3.74087e-01,3.00219e-01,4.11829e-01
6,0.55,4.36790e-01,5.00887e-01,3.72693e-01,3.00219e-01,4.11829e-01
6,0.56,4.36790e-01,5.02243e-01,3.71337e-01,3.00219e-01,4.11829e-01
6,0.57,4.36790e-01,5.03558e-01,3.70023e-01,3.00219e-01,4.11829e-01
6,0.58,4.36790e-01,5.04828e-01,3.68752e-01,3.00219e-01,4.11829e-01
6,0.59,4.36790e-01,5.06052e-01,3.67528e-01,3.00219e-01,4.11829e-01
6,0.60,4.36790e-01,5.07226e-01,3.66354e-01,3.00219e-01,4.11829e-01
7,0.00,3.94132e-01,3.94132e-01,3.94132e-01,3.14106e-01,3.74538e-01
7,0.01,3.94132e-01,3.94136e-01,3.94128e-01,3.14106e-01,3.74538e-01
7,0.02,3.94132e-01,3.94155e-01,3.94109e-01,3.14106e-01,3.74538e-01
7,0.03,3.94132e-01,3.94195e-01,3.94069e-01,3.14106e-01,3.74538e-01
7,0.04,3.94132e-01,3.94260e-01,3.94004e-01,3.14106e-01,3.74538e-01
7,0.05,3.94132e-01,3.94356e-01,3.93908e-01,3.14106e-01,3.74538e-01
7,0.06,3.94132e-01,3.94485e-01,3.93779e-01,3.14106e-01,3.74538e-01
7,0.07,3.94132e-01,3.94650e-01,3.93614e-01,3.14106e-01,3.74538e-01
7,0.08,3.94132e-01,3.94854e-01,3.93410e-01,3.14106e-01,3.74538e-01
7,0.09,3.94132e-01,3.95099e-01,3.93165e-01,3.14106e-01,3.74538e-01
7,0.10,3.94132e-01,3.95388e-01,3.92876e-01,3.14106e-01,3.74538e-01
7,0.11,3.94132e-01,3.95721e-01,3.92543e-01,3.14106e-01,3.74538e-01
7,0.12,3.94132e-01,3.96102e-01,3.92162e-01,3.14106e-01,3.74538e-01
7,0.13,3.94132e-01,3.96531e-01,3.91733e-01,3.14106e-01,3.74538e-01
7,0.14,3.94132e-01,3.97009e-01,3.91255e-01,3.14106e-01,3.74538e-01
7,0.15,3.94132e-01,3.97538e-01,3.90726e-01,3.14106e-01,3.74538e-01
7,0.16,3.94132e-01,3.98119e-01,3.90145e-01,3.14106e-01,3.74538e-01
7,0.17,3.94132e-01,3.98752e-01,3.89512e-01,3.14106e-01,3.74538e-01
7,0.18,3.94132e-01,3.99438e-01,3.88826e-01,3.14106e-01,3.74538e-01
7,0.19,3.94132e-01,4.00178e-01,3.88086e-01,3.14106e-01,3.74538e-01
7,0.20,3.94132e-01,4.00971e-01,3.87293e-01,3.14106e-01,3.74538e-01
7,0.21,3.94132e-01,4.01818e-01,3.86446e-01,3.14106e-01,3.74538e-01
7,0.22,3.94132e-01,4.02718e-01,3.85546e-01,3.14106e-01,3.74538e-01
7,0.23,3.94132e-01,4.03672e-01,3.84592e-01,3.14106e-01,3.74538e-01
7,0.24,3.94132e-01,4.04679e-01,3.83585e-01,3.14106e-01,3.74538e-01
7,0.25,3.94132e-01,4.05739e-01,3.82525e-01,3.14106e-01,3.74538e-01
7,0.26,3.94132e-01,4.06851e-01,3.81413e-01,3.14106e-01,3.74538e-01
7,0.27,3.94132e-01,4.08014e-01,3.80250e-01,3.14106e-01,3.74538e-01
7,0.28,3.94132e-01,4.09227e-01,3.79037e-01,3.14106e-01,3.74538e-01
7,0.29,3.94132e-01,4.10489e-01,3.77775e-01,3.14106e-01,3.74538e-01
7,0.30,3.94132e-01,4.11799e-01,3.76465e-01,3.14106e-01,3.74538e-01
7,0.31,3.94132e-01,4.13156e-01,3.75108e-01,3.14106e-01,3.74538e-01
7,0.32,3.94132e-01,4.14558e-01,3.73706e-01,3.14106e-01,3.74538e-01
7,0.33,3.94132e-01,4.16003e-01,3.72261e-01,3.14106e-01,3.74538e-01
7,0.34,3.94132e-01,4.17489e-01,3.70775e-01,3.14106e-01,3.74538e-01
7,0.35,3.94132e-01,4.19016e-01,3.69248e-01,3.14106e-01,3.74538e-01
7,0.36,3.94132e-01,4.20580e-01,3.67684e-01,3.14106e-01,3.74538e-01
7,0.37,3.94132e-01,4.22180e-01,3.66085e-01,3.14106e-01,3.74538e-01
7,0.38,3.94132e-01,4.23812e-01,3.64452e-01,3.14106e-01,3.74538e-01
7,0.39,3.94132e-01,4.25476e-01,3.62788e-01,3.14106e-01,3.74538e-01
7,0.40,3.94132e-01,4.27168e-01,3.61096e-01,3.14106e-01,3.74538e-01
7,0.41,3.94132e-01,4.28886e-01,3.59378e-01,3.14106e-01,3.74538e-01
7,0.42,3.94132e-01,4.30627e-01,3.57637e-01,3.14106e-01,3.74538e-01
7,0.43,3.94132e-01,4.32388e-01,3.55876e-01,3.14106e-01,3.74538e-01
7,0.44,3.94132e-01,4.34167e-01,3.54097e-01,3.14106e-01,3.74538e-01
7,0.45,3.94132e-01,4.35959e-01,3.52305e-01,3.14106e-01,3.74538e-01
7,0.46,3.94132e-01,4.37763e-01,3.50501e-01,3.14106e-01,3.74538e-01
7,0.47,3.94132e-01,4.39575e-01,3.48689e-01,3.14106e-01,3.74538e-01
7,0.48,3.94132e-01,4.41391e-01,3.46873e-01,3.14106e-01,3.74538e-01
7,0.49,3.94132e-01,4.43208e-01,3.45056e-01,3.14106e-01,3.74538e-01
7,0.50,3.94132e-01,4.45023e-01,3.43241e-01,3.14106e-01,3.74538e-01
7,0.51,3.94132e-01,4.46833e-01,3.41431e-01,3.14106e-01,3.74538e-01
7,0.52,3.94132e-01,4.48633e-01,3.39631e-01,3.14106e-01,3.74538e-01
7,0.53,3.94132e-01,4.50419e-01,3.37845e-01,3.14106e-01,3.74538e-01
7,0.54,3.94132e-01,4.52189e-01,3.36075e-01,3.14106e-01,3.74538e-01
7,0.55,3.94132e-01,4.53938e-01,3.34326e-01,3.14106e-01,3.74538e-01
7,0.56,3.94132e-01,4.55663e-01,3.32601e-01,3.14106e-01,3.74538e-01
7,0.57,3.94132e-01,4.57359e-01,3.30905e-01,3.14106e-01,3.74538e-01
7,0.58,3.94132e-01,4.59022e-01,3.29242e-01,3.14106e-01,3.74538e-01
7,0.59,3.94132e-01,4.60649e-01,3.27615e-01,3.14106e-01,3.74538e-01
7,0.60,3.94132e-01,4.62235e-01,3.26029e-01,3.14106e-01,3.74538e-01
8,0.00,3.60562e-01,3.60562e-01,3.60562e-01,3.28911e-01,3.44735e-01
8,0.01,3.60562e-01,3.60563e-01,3.60562e-01,3.28911e-01,3.44735e-01
8,0.02,3.60562e-01,3.60567e-01,3.60558e-01,3.28911e-01,3.44735e-01
8,0.03,3.60562e-01,3.60576e-01,3.60548e-01,3.28911e-01,3.44735e-01
8,0.04,3.60562e-01,3.60595e-01,3.60529e-01,3.28911e-01,3.44735e-01
8,0.05,3.60562e-01,3.60627e-01,3.60498e-01,3.28911e-01,3.44735e-01
8,0.06,3.60562e-01,3.60674e-01,3.60451e-01,3.28911e-01,3.44735e-01
8,0.07,3.60562e-01,3.60739e-01,3.60386e-01,3.28911e-01,3.44735e-01
8,0.08,3.60562e-01,3.60825e-01,3.60299e-01,3.28911e-01,3.44735e-01
8,0.09,3.60562e-01,3.60936e-01,3.60189e-01,3.28911e-01,3.44735e-01
8,0.10,3.60562e-01,3.61073e-01,3.60051e-01,3.28911e-01,3.44735e-01
8,0.11,3.60562e-01,3.61241e-01,3.59884e-01,3.28911e-01,3.44735e-01
8,0.12,3.60562e-01,3.61440e-01,3.59685e-01,3.28911e-01,3.44735e-01
8,0.13,3.60562e-01,3.61675e-01,3.59450e-01,3.28911e-01,3.44735e-01
8,0.14,3.60562e-01,3.61946e-01,3.59179e-01,3.28911e-01,3.44735e-01
8,0.15,3.60562e-01,3.62258e-01,3.58867e-01,3.28911e-01,3.44735e-01
8,0.16,3.60562e-01,3.62611e-01,3.58514e-01,3.28911e-01,3.44735e-01
8,0.17,3.60562e-01,3.63008e-01,3.58117e-01,3.28911e-01,3.44735e-01
8,0.18,3.60562e-01,3.63452e-01,3.57673e-01,3.28911e-01,3.44735e-01
8,0.19,3.60562e-01,3.63943e-01,3.57182e-01,3.28911e-01,3.44735e-01
8,0.20,3.60562e-01,3.64484e-01,3.56641e-01,3.28911e-01,3.44735e-01
8,0.21,3.60562e-01,3.65076e-01,3.56049e-01,3.28911e-01,3.44735e-01
8,0.22,3.60562e-01,3.65721e-01,3.55404e-01,3.28911e-01,3.44735e-01
8,0.23,3.60562e-01,3.66419e-01,3.54706e-01,3.28911e-01,3.44735e-01
8,0.24,3.60562e-01,3.67173e-01,3.53952e-01,3.28911e-01,3.44735e-01
8,0.25,3.60562e-01,3.67982e-01,3.53142e-01,3.28911e-01,3.44735e-01
8,0.26,3.60562e-01,3.68849e-01,3.52276e-01,3.28911e-01,3.44735e-01
8,0.27,3.60562e-01,3.69772e-01,3.51352e-01,3.28911e-01,3.44735e-01
8,0.28,3.60562e-01,3.70754e-01,3.50371e-01,3.28911e-01,3.44735e-01
8,0.29,3.60562e-01,3.71793e-01,3.49331e-01,3.28911e-01,3.44735e-01
8,0.30,3.60562e-01,3.72891e-01,3.48234e-01,3.28911e-01,3.44735e-01
8,0.31,3.60562e-01,3.74047e-01,3.47078e-01,3.28911e-01,3.44735e-01
8,0.32,3.60562e-01,3.75260e-01,3.45865e-01,3.28911e-01,3.44735e-01
8,0.33,3.60562e-01,3.76530e-01,3.44594e-01,3.28911e-01,3.44735e-01
8,0.34,3.60562e-01,3.77857e-01,3.43267e-01,3.28911e-01,3.44735e-01
8,0.35,3.60562e-01,3.79240e-01,3.41885e-01,3.28911e-01,3.44735e-01
8,0.36,3.60562e-01,3.80677e-01,3.40448e-01,3.28911e-01,3.44735e-01
8,0.37,3.60562e-01,3.82168e-01,3.38957e-01,3.28911e-01,3.44735e-01
8,0.38,3.60562e-01,3.83710e-01,3.37415e-01,3.28911e-01,3.44735e-01
8,0.39,3.60562e-01,3.85302e-01,3.35823e-01,3.28911e-01,3.44735e-01
8,0.40,3.60562e-01,3.86943e-01,3.34182e-01,3.28911e-01,3.44735e-01
8,0.41,3.60562e-01,3.88630e-01,3.32495e-01,3.28911e-01,3.44735e-01
8,0.42,3.60562e-01,3.90360e-01,3.30764e-01,3.28911e-01,3.44735e-01
8,0.43,3.60562e-01,3.92133e-01,3.28992e-01,3.28911e-01,3.44735e-01
8,0.44,3.60562e-01,3.93944e-01,3.27181e-01,3.28911e-01,3.44735e-01
8,0.45,3.60562e-01,3.95791e-01,3.25333e-01,3.28911e-01,3.44735e-01
8,0.46,3.60562e-01,3.97672e-01,3.23453e-01,3.28911e-01,3.44735e-01
8,0.47,3.60562e-01,3.99583e-01,3.21542e-01,3.28911e-01,3.44735e-01
8,0.48,3.60562e-01,4.01520e-01,3.19605e-01,3.28911e-01,3.44735e-01
8,0.49,3.60562e-01,4.03480e-01,3.17645e-01,3.28911e-01,3.44735e-01
8,0.50,3.60562e-01,4.05460e-01,3.15665e-01,3.28911e-01,3.44735e-01
8,0.51,3.60562e-01,4.07455e-01,3.13670e-01,3.28911e-01,3.44735e-01
8,0.52,3.60562e-01,4.09462e-01,3.11663e-01,3.28911e-01,3.44735e-01
8,0.53,3.60562e-01,4.11476e-01,3.09649e-01,3.28911e-01,3.44735e-01
8,0.54,3.60562e-01,4.13493e-01,3.07632e-01,3.28911e-01,3.44735e-01
8,0.55,3.60562e-01,4.15509e-01,3.05616e-01,3.28911e-01,3.44735e-01
8,0.56,3.60562e-01,4.17519e-01,3.03606e-01,3.28911e-01,3.44735e-01
8,0.57,3.60562e-01,4.19517e-01,3.01608e-01,3.28911e-01,3.44735e-01
8,0.58,3.60562e-01,4.21500e-01,2.99625e-01,3.28911e-01,3.44735e-01
8,0.59,3.60562e-01,4.23462e-01,2.97662e-01,3.28911e-01,3.44735e-01
8,0.60,3.60562e-01,4.25399e-01,2.95726e-01,3.28911e-01,3.44735e-01
9,0.00,3.33333e-01,3.33333e-01,3.33333e-01,3.43602e-01,3.20253e-01
9,0.01,3.33333e-01,3.33333e-01,3.33333e-01,3.43602e-01,3.20253e-01
9,0.02,3.33333e-01,3.33334e-01,3.33333e-01,3.43602e-01,3.20253e-01
9,0.03,3.33333e-01,3.33336e-01,3.33330e-01,3.43602e-01,3.20253e-01
9,0.04,3.33333e-01,3.33342e-01,3.33325e-01,3.43602e-01,3.20253e-01
9,0.05,3.33333e-01,3.33352e-01,3.33315e-01,3.43602e-01,3.20253e-01
9,0.06,3.33333e-01,3.33368e-01,3.33299e-01,3.43602e-01,3.20253e-01
9,0.07,3.33333e-01,3.33393e-01,3.33274e-01,3.43602e-01,3.20253e-01
9,0.08,3.33333e-01,3.33428e-01,3.33239e-01,3.43602e-01,3.20253e-01
9,0.09,3.33333e-01,3.33476e-01,3.33191e-01,3.43602e-01,3.20253e-01
9,0.10,3.33333e-01,3.33539e-01,3.33128e-01,3.43602e-01,3.20253e-01
9,0.11,3.33333e-01,3.33619e-01,3.33047e-01,3.43602e-01,3.20253e-01
9,0.12,3.33333e-01,3.33720e-01,3.32947e-01,3.43602e-01,3.20253e-01
9,0.13,3.33333e-01,3.33843e-01,3.32824e-01,3.43602e-01,3.20253e-01
9,0.14,3.33333e-01,3.33991e-01,3.32676e-01,3.43602e-01,3.20253e-01
9,0.15,3.33333e-01,3.34167e-01,3.32500e-01,3.43602e-01,3.20253e-01
9,0.16,3.33333e-01,3.34373e-01,3.32293e-01,3.43602e-01,3.20253e-01
9,0.17,3.33333e-01,3.34613e-01,3.32054e-01,3.43602e-01,3.20253e-01
9,0.18,3.33333e-01,3.34888e-01,3.31779e-01,3.43602e-01,3.20253e-01
9,0.19,3.33333e-01,3.35201e-01,3.31465e-01,3.43602e-01,3.20253e-01
9,0.20,3.33333e-01,3.35555e-01,3.31111e-01,3.43602e-01,3.20253e-01
9,0.21,3.33333e-01,3.35953e-01,3.30714e-01,3.43602e-01,3.20253e-01
9,0.22,3.33333e-01,3.36396e-01,3.30271e-01,3.43602e-01,3.20253e-01
9,0.23,3.33333e-01,3.36887e-01,3.29780e-01,3.43602e-01,3.20253e-01
9,0.24,3.33333e-01,3.37428e-01,3.29239e-01,3.43602e-01,3.20253e-01
9,0.25,3.33333e-01,3.38021e-01,3.28646e-01,3.43602e-01,3.20253e-01
9,0.26,3.33333e-01,3.38668e-01,3.27998e-01,3.43602e-01,3.20253e-01
9,0.27,3.33333e-01,3.39372e-01,3.27295e-01,3.43602e-01,3.20253e-01
9,0.28,3.33333e-01,3.40133e-01,3.26533e-01,3.43602e-01,3.20253e-01
9,0.29,3.33333e-01,3.40954e-01,3.25713e-01,3.43602e-01,3.20253e-01
9,0.30,3.33333e-01,3.41836e-01,3.24831e-01,3.43602e-01,3.20253e-01
9,0.31,3.33333e-01,3.42779e-01,3.23888e-01,3.43602e-01,3.20253e-01
9,0.32,3.33333e-01,3.43785e-01,3.22882e-01,3.43602e-01,3.20253e-01
9,0.33,3.33333e-01,3.44855e-01,3.21812e-01,3.43602e-01,3.20253e-01
9,0.34,3.33333e-01,3.45989e-01,3.20678e-01,3.43602e-01,3.20253e-01
9,0.35,3.33333e-01,3.47188e-01,3.19479e-01,3.43602e-01,3.20253e-01
9,0.36,3.33333e-01,3.48452e-01,3.18215e-01,3.43602e-01,3.20253e-01
9,0.37,3.33333e-01,3.49781e-01,3.16886e-01,3.43602e-01,3.20253e-01
9,0.38,3.33333e-01,3.51174e-01,3.15493e-01,3.43602e-01,3.20253e-01
9,0.39,3.33333e-01,3.52631e-01,3.14036e-01,3.43602e-01,3.20253e-01
9,0.40,3.33333e-01,3.54151e-01,3.12515e-01,3.43602e-01,3.20253e-01
9,0.41,3.33333e-01,3.55734e-01,3.10933e-01,3.43602e-01,3.20253e-01
9,0.42,3.33333e-01,3.57377e-01,3.09289e-01,3.43602e-01,3.20253e-01
9,0.43,3.33333e-01,3.59080e-01,3.07586e-01,3.43602e-01,3.20253e-01
9,0.44,3.33333e-01,3.60841e-01,3.05826e-01,3.43602e-01,3.20253e-01
9,0.45,3.33333e-01,3.62657e-01,3.04010e-01,3.43602e-01,3.20253e-01
9,0.46,3.33333e-01,3.64526e-01,3.02141e-01,3.43602e-01,3.20253e-01
9,0.47,3.33333e-01,3.66445e-01,3.00221e-01,3.43602e-01,3.20253e-01
9,0.48,3.33333e-01,3.68413e-01,2.98254e-01,3.43602e-01,3.20253e-01
9,0.49,3.33333e-01,3.70425e-01,2.96242e-01,3.43602e-01,3.20253e-01
9,0.50,3.33333e-01,3.72478e-01,2.94189e-01,3.43602e-01,3.20253e-01
9,0.51,3.33333e-01,3.74568e-01,2.92098e-01,3.43602e-01,3.20253e-01
9,0.52,3.33333e-01,3.76692e-01,2.89974e-01,3.43602e-01,3.20253e-01
9,0.53,3.33333e-01,3.78846e-01,2.87821e-01,3.43602e-01,3.20253e-01
9,0.54,3.33333e-01,3.81024e-01,2.85643e-01,3.43602e-01,3.20253e-01
9,0.55,3.33333e-01,3.83222e-01,2.83444e-01,3.43602e-01,3.20253e-01
9,0.56,3.33333e-01,3.85436e-01,2.81231e-01,3.43602e-01,3.20253e-01
9,0.57,3.33333e-01,3.87660e-01,2.79007e-01,3.43602e-01,3.20253e-01
9,0.58,3.33333e-01,3.89888e-01,2.76779e-01,3.43602e-01,3.20253e-01
9,0.59,3.33333e-01,3.92115e-01,2.74552e-01,3.43602e-01,3.20253e-01
9,0.60,3.33333e-01,3.94335e-01,2.72332e-01,3.43602e-01,3.20253e-01
10,0.00,3.10723e-01,3.10723e-01,3.10723e-01,3.57782e-01,2.99710e-01
10,0.01,3.10723e-01,3.10723e-01,3.10723e-01,3.57782e-01,2.99710e-01
10,0.02,3.10723e-01,3.10723e-01,3.10723e-01,3.57782e-01,2.99710e-01
10,0.03,3.10723e-01,3.10724e-01,3.10723e-01,3.57782e-01,2.99710e-01
10,0.04,3.10723e-01,3.10725e-01,3.10721e-01,3.57782e-01,2.99710e-01
10,0.05,3.10723e-01,3.10728e-01,3.10718e-01,3.57782e-01,2.99710e-01
10,0.06,3.10723e-01,3.10734e-01,3.10713e-01,3.57782e-01,2.99710e-01
10,0.07,3.10723e-01,3.10743e-01,3.10703e-01,3.57782e-01,2.99710e-01
10,0.08,3.10723e-01,3.10757e-01,3.10690e-01,3.57782e-01,2.99710e-01
10,0.09,3.10723e-01,3.10777e-01,3.10669e-01,3.57782e-01,2.99710e-01
10,0.10,3.10723e-01,3.10805e-01,3.10641e-01,3.57782e-01,2.99710e-01
10,0.11,3.10723e-01,3.10843e-01,3.10604e-01,3.57782e-01,2.99710e-01
10,0.12,3.10723e-01,3.10892e-01,3.10555e-01,3.57782e-01,2.99710e-01
10,0.13,3.10723e-01,3.10955e-01,3.10492e-01,3.57782e-01,2.99710e-01
10,0.14,3.10723e-01,3.11033e-01,3.10413e-01,3.57782e-01,2.99710e-01
10,0.15,3.10723e-01,3.11130e-01,3.10317e-01,3.57782e-01,2.99710e-01
10,0.16,3.10723e-01,3.11247e-01,3.10200e-01,3.57782e-01,2.99710e-01
10,0.17,3.10723e-01,3.11386e-01,3.10060e-01,3.57782e-01,2.99710e-01
10,0.18,3.10723e-01,3.11552e-01,3.09894e-01,3.57782e-01,2.99710e-01
10,0.19,3.10723e-01,3.11746e-01,3.09701e-01,3.57782e-01,2.99710e-01
10,0.20,3.10723e-01,3.11971e-01,3.09476e-01,3.57782e-01,2.99710e-01
10,0.21,3.10723e-01,3.12229e-01,3.09217e-01,3.57782e-01,2.99710e-01
10,0.22,3.10723e-01,3.12525e-01,3.08922e-01,3.57782e-01,2.99710e-01
10,0.23,3.10723e-01,3.12859e-01,3.08587e-01,3.57782e-01,2.99710e-01
10,0.24,3.10723e-01,3.13236e-01,3.08211e-01,3.57782e-01,2.99710e-01
10,0.25,3.10723e-01,3.13657e-01,3.07789e-01,3.57782e-01,2.99710e-01
10,0.26,3.10723e-01,3.14126e-01,3.07320e-01,3.57782e-01,2.99710e-01
10,0.27,3.10723e-01,3.14646e-01,3.06801e-01,3.57782e-01,2.99710e-01
10,0.28,3.10723e-01,3.15218e-01,3.06228e-01,3.57782e-01,2.99710e-01
10,0.29,3.10723e-01,3.15846e-01,3.05600e-01,3.57782e-01,2.99710e-01
10,0.30,3.10723e-01,3.16532e-01,3.04914e-01,3.57782e-01,2.99710e-01
10,0.31,3.10723e-01,3.17278e-01,3.04168e-01,3.57782e-01,2.99710e-01
10,0.32,3.10723e-01,3.18087e-01,3.03360e-01,3.57782e-01,2.99710e-01
10,0.33,3.10723e-01,3.18959e-01,3.02487e-01,3.57782e-01,2.99710e-01
10,0.34,3.10723e-01,3.19898e-01,3.01548e-01,3.57782e-01,2.99710e-01
10,0.35,3.10723e-01,3.20905e-01,3.00541e-01,3.57782e-01,2.99710e-01
10,0.36,3.10723e-01,3.21981e-01,2.99465e-01,3.57782e-01,2.99710e-01
10,0.37,3.10723e-01,3.23128e-01,2.98319e-01,3.57782e-01,2.99710e-01
10,0.38,3.10723e-01,3.24346e-01,2.97101e-01,3.57782e-01,2.99710e-01
10,0.39,3.10723e-01,3.25636e-01,2.95810e-01,3.57782e-01,2.99710e-01
10,0.40,3.10723e-01,3.26999e-01,2.94447e-01,3.57782e-01,2.99710e-01
10,0.41,3.10723e-01,3.28436e-01,2.93011e-01,3.57782e-01,2.99710e-01
10,0.42,3.10723e-01,3.29945e-01,2.91502e-01,3.57782e-01,2.99710e-01
10,0.43,3.10723e-01,3.31526e-01,2.89920e-01,3.57782e-01,2.99710e-01
10,0.44,3.10723e-01,3.33180e-01,2.88267e-01,3.57782e-01,2.99710e-01
10,0.45,3.10723e-01,3.34905e-01,2.86542e-01,3.57782e-01,2.99710e-01
10,0.46,3.10723e-01,3.36699e-01,2.84748e-01,3.57782e-01,2.99710e-01
10,0.47,3.10723e-01,3.38561e-01,2.82885e-01,3.57782e-01,2.99710e-01
10,0.48,3.10723e-01,3.40490e-01,2.80957e-01,3.57782e-01,2.99710e-01
10,0.49,3.10723e-01,3.42482e-01,2.78965e-01,3.57782e-01,2.99710e-01
10,0.50,3.10723e-01,3.44535e-01,2.76911e-01,3.57782e-01,2.99710e-01
10,0.51,3.10723e-01,3.46647e-01,2.74800e-01,3.57782e-01,2.99710e-01
10,0.52,3.10723e-01,3.48813e-01,2.72634e-01,3.57782e-01,2.99710e-01
10,0.53,3.10723e-01,3.51030e-01,2.70417e-01,3.57782e-01,2.99710e-01
10,0.54,3.10723e-01,3.53294e-01,2.68153e-01,3.57782e-01,2.99710e-01
10,0.55,3.10723e-01,3.55600e-01,2.65846e-01,3.57782e-01,2.99710e-01
10,0.56,3.10723e-01,3.57944e-01,2.63503e-01,3.57782e-01,2.99710e-01
10,0.57,3.10723e-01,3.60320e-01,2.61127e-01,3.57782e-01,2.99710e-01
10,0.58,3.10723e-01,3.62723e-01,2.58724e-01,3.57782e-01,2.99710e-01
10,0.59,3.10723e-01,3.65147e-01,2.56300e-01,3.57782e-01,2.99710e-01
10,0.60,3.10723e-01,3.67585e-01,2.53862e-01,3.57782e-01,2.99710e-01
11,0.00,2.91594e-01,2.91594e-01,2.91594e-01,3.71307e-01,2.82177e-01
11,0.01,2.91594e-01,2.91594e-01,2.91594e-01,3.71307e-01,2.82177e-01
11,0.02,2.91594e-01,2.91594e-01,2.91594e-01,3.71307e-01,2.82177e-01
11,0.03,2.91594e-01,2.91594e-01,2.91594e-01,3.71307e-01,2.82177e-01
11,0.04,2.91594e-01,2.91595e-01,2.91593e-01,3.71307e-01,2.82177e-01
11,0.05,2.91594e-01,2.91595e-01,2.91593e-01,3.71307e-01,2.82177e-01
11,0.06,2.91594e-01,2.91597e-01,2.91591e-01,3.71307e-01,2.82177e-01
11,0.07,2.91594e-01,2.91601e-01,2.91587e-01,3.71307e-01,2.82177e-01
11,0.08,2.91594e-01,2.91606e-01,2.91582e-01,3.71307e-01,2.82177e-01
11,0.09,2.91594e-01,2.91614e-01,2.91574e-01,3.71307e-01,2.82177e-01
11,0.10,2.91594e-01,2.91626e-01,2.91562e-01,3.71307e-01,2.82177e-01
11,0.11,2.91594e-01,2.91644e-01,2.91544e-01,3.71307e-01,2.82177e-01
11,0.12,2.91594e-01,2.91667e-01,2.91521e-01,3.71307e-01,2.82177e-01
11,0.13,2.91594e-01,2.91698e-01,2.91490e-01,3.71307e-01,2.82177e-01
11,0.14,2.91594e-01,2.91739e-01,2.91449e-01,3.71307e-01,2.82177e-01
11,0.15,2.91594e-01,2.91791e-01,2.91398e-01,3.71307e-01,2.82177e-01
11,0.16,2.91594e-01,2.91855e-01,2.91333e-01,3.71307e-01,2.82177e-01
11,0.17,2.91594e-01,2.91935e-01,2.91253e-01,3.71307e-01,2.82177e-01
11,0.18,2.91594e-01,2.92033e-01,2.91155e-01,3.71307e-01,2.82177e-01
11,0.19,2.91594e-01,2.92150e-01,2.91038e-01,3.71307e-01,2.82177e-01
11,0.20,2.91594e-01,2.92289e-01,2.90899e-01,3.71307e-01,2.82177e-01
11,0.21,2.91594e-01,2.92454e-01,2.90735e-01,3.71307e-01,2.82177e-01
11,0.22,2.91594e-01,2.92646e-01,2.90542e-01,3.71307e-01,2.82177e-01
11,0.23,2.91594e-01,2.92868e-01,2.90320e-01,3.71307e-01,2.82177e-01
11,0.24,2.91594e-01,2.93124e-01,2.90064e-01,3.71307e-01,2.82177e-01
11,0.25,2.91594e-01,2.93417e-01,2.89771e-01,3.71307e-01,2.82177e-01
11,0.26,2.91594e-01,2.93749e-01,2.89440e-01,3.71307e-01,2.82177e-01
11,0.27,2.91594e-01,2.94123e-01,2.89065e-01,3.71307e-01,2.82177e-01
11,0.28,2.91594e-01,2.94543e-01,2.88645e-01,3.71307e-01,2.82177e-01
11,0.29,2.91594e-01,2.95012e-01,2.88176e-01,3.71307e-01,2.82177e-01
11,0.30,2.91594e-01,2.95533e-01,2.87655e-01,3.71307e-01,2.82177e-01
11,0.31,2.91594e-01,2.96109e-01,2.87079e-01,3.71307e-01,2.82177e-01
11,0.32,2.91594e-01,2.96743e-01,2.86445e-01,3.71307e-01,2.82177e-01
11,0.33,2.91594e-01,2.97437e-01,2.85751e-01,3.71307e-01,2.82177e-01
11,0.34,2.91594e-01,2.98196e-01,2.84992e-01,3.71307e-01,2.82177e-01
11,0.35,2.91594e-01,2.99021e-01,2.84168e-01,3.71307e-01,2.82177e-01
11,0.36,2.91594e-01,2.99914e-01,2.83274e-01,3.71307e-01,2.82177e-01
11,0.37,2.91594e-01,3.00879e-01,2.82309e-01,3.71307e-01,2.82177e-01
11,0.38,2.91594e-01,3.01918e-01,2.81270e-01,3.71307e-01,2.82177e-01
11,0.39,2.91594e-01,3.03032e-01,2.80156e-01,3.71307e-01,2.82177e-01
11,0.40,2.91594e-01,3.04224e-01,2.78964e-01,3.71307e-01,2.82177e-01
11,0.41,2.91594e-01,3.05494e-01,2.77694e-01,3.71307e-01,2.82177e-01
11,0.42,2.91594e-01,3.06845e-01,2.76343e-01,3.71307e-01,2.82177e-01
11,0.43,2.91594e-01,3.08276e-01,2.74912e-01,3.71307e-01,2.82177e-01
11,0.44,2.91594e-01,3.09790e-01,2.73398e-01,3.71307e-01,2.82177e-01
11,0.45,2.91594e-01,3.11385e-01,2.71803e-01,3.71307e-01,2.82177e-01
11,0.46,2.91594e-01,3.13063e-01,2.70125e-01,3.71307e-01,2.82177e-01
11,0.47,2.91594e-01,3.14822e-01,2.68366e-01,3.71307e-01,2.82177e-01
11,0.48,2.91594e-01,3.16662e-01,2.66526e-01,3.71307e-01,2.82177e-01
11,0.49,2.91594e-01,3.18582e-01,2.64606e-01,3.71307e-01,2.82177e-01
11,0.50,2.91594e-01,3.20581e-01,2.62607e-01,3.71307e-01,2.82177e-01
11,0.51,2.91594e-01,3.22655e-01,2.60533e-01,3.71307e-01,2.82177e-01
11,0.52,2.91594e-01,3.24803e-01,2.58385e-01,3.71307e-01,2.82177e-01
11,0.53,2.91594e-01,3.27022e-01,2.56166e-01,3.71307e-01,2.82177e-01
11,0.54,2.91594e-01,3.29309e-01,2.53879e-01,3.71307e-01,2.82177e-01
11,0.55,2.91594e-01,3.31659e-01,2.51529e-01,3.71307e-01,2.82177e-01
11,0.56,2.91594e-01,3.34069e-01,2.49119e-01,3.71307e-01,2.82177e-01
11,0.57,2.91594e-01,3.36533e-01,2.46655e-01,3.71307e-01,2.82177e-01
11,0.58,2.91594e-01,3.39047e-01,2.44141e-01,3.71307e-01,2.82177e-01
11,0.59,2.91594e-01,3.41604e-01,2.41584e-01,3.71307e-01,2.82177e-01
11,0.60,2.91594e-01,3.44198e-01,2.38990e-01,3.71307e-01,2.82177e-01
12,0.00,2.75161e-01,2.75161e-01,2.75161e-01,3.84139e-01,2.67004e-01
12,0.01,2.75161e-01,2.75161e-01,2.75161e-01,3.84139e-01,2.67004e-01
12,0.02,2.75161e-01,2.75161e-01,2.75161e-01,3.84139e-01,2.67004e-01
12,0.03,2.75161e-01,2.75161e-01,2.75161e-01,3.84139e-01,2.67004e-01
12,0.04,2.75161e-01,2.75161e-01,2.75160e-01,3.84139e-01,2.67004e-01
12,0.05,2.75161e-01,2.75161e-01,2.75160e-01,3.84139e-01,2.67004e-01
12,0.06,2.75161e-01,2.75162e-01,2.75160e-01,3.84139e-01,2.67004e-01
12,0.07,2.75161e-01,2.75163e-01,2.75158e-01,3.84139e-01,2.67004e-01
12,0.08,2.75161e-01,2.75165e-01,2.75156e-01,3.84139e-01,2.67004e-01
12,0.09,2.75161e-01,2.75168e-01,2.75153e-01,3.84139e-01,2.67004e-01
12,0.10,2.75161e-01,2.75173e-01,2.75148e-01,3.84139e-01,2.67004e-01
12,0.11,2.75161e-01,2.75181e-01,2.75140e-01,3.84139e-01,2.67004e-01
12,0.12,2.75161e-01,2.75192e-01,2.75129e-01,3.84139e-01,2.67004e-01
12,0.13,2.75161e-01,2.75207e-01,2.75114e-01,3.84139e-01,2.67004e-01
12,0.14,2.75161e-01,2.75228e-01,2.75093e-01,3.84139e-01,2.67004e-01
12,0.15,2.75161e-01,2.75255e-01,2.75066e-01,3.84139e-01,2.67004e-01
12,0.16,2.75161e-01,2.75290e-01,2.75031e-01,3.84139e-01,2.67004e-01
12,0.17,2.75161e-01,2.75335e-01,2.74986e-01,3.84139e-01,2.67004e-01
12,0.18,2.75161e-01,2.75391e-01,2.74930e-01,3.84139e-01,2.67004e-01
12,0.19,2.75161e-01,2.75461e-01,2.74861e-01,3.84139e-01,2.67004e-01
12,0.20,2.75161e-01,2.75546e-01,2.74776e-01,3.84139e-01,2.67004e-01
12,0.21,2.75161e-01,2.75648e-01,2.74673e-01,3.84139e-01,2.67004e-01
12,0.22,2.75161e-01,2.75771e-01,2.74551e-01,3.84139e-01,2.67004e-01
12,0.23,2.75161e-01,2.75916e-01,2.74405e-01,3.84139e-01,2.67004e-01
12,0.24,2.75161e-01,2.76087e-01,2.74235e-01,3.84139e-01,2.67004e-01
12,0.25,2.75161e-01,2.76286e-01,2.74035e-01,3.84139e-01,2.67004e-01
12,0.26,2.75161e-01,2.76516e-01,2.73805e-01,3.84139e-01,2.67004e-01
12,0.27,2.75161e-01,2.76781e-01,2.73540e-01,3.84139e-01,2.67004e-01
12,0.28,2.75161e-01,2.77084e-01,2.73238e-01,3.84139e-01,2.67004e-01
12,0.29,2.75161e-01,2.77427e-01,2.72894e-01,3.84139e-01,2.67004e-01
12,0.30,2.75161e-01,2.77815e-01,2.72506e-01,3.84139e-01,2.67004e-01
12,0.31,2.75161e-01,2.78251e-01,2.72070e-01,3.84139e-01,2.67004e-01
12,0.32,2.75161e-01,2.78738e-01,2.71583e-01,3.84139e-01,2.67004e-01
12,0.33,2.75161e-01,2.79281e-01,2.71041e-01,3.84139e-01,2.67004e-01
12,0.34,2.75161e-01,2.79881e-01,2.70440e-01,3.84139e-01,2.67004e-01
12,0.35,2.75161e-01,2.80544e-01,2.69777e-01,3.84139e-01,2.67004e-01
12,0.36,2.75161e-01,2.81272e-01,2.69050e-01,3.84139e-01,2.67004e-01
12,0.37,2.75161e-01,2.82068e-01,2.68253e-01,3.84139e-01,2.67004e-01
12,0.38,2.75161e-01,2.82936e-01,2.67385e-01,3.84139e-01,2.67004e-01
12,0.39,2.75161e-01,2.83879e-01,2.66442e-01,3.84139e-01,2.67004e-01
12,0.40,2.75161e-01,2.84900e-01,2.65421e-01,3.84139e-01,2.67004e-01
12,0.41,2.75161e-01,2.86001e-01,2.64320e-01,3.84139e-01,2.67004e-01
12,0.42,2.75161e-01,2.87186e-01,2.63136e-01,3.84139e-01,2.67004e-01
12,0.43,2.75161e-01,2.88455e-01,2.61866e-01,3.84139e-01,2.67004e-01
12,0.44,2.75161e-01,2.89812e-01,2.60509e-01,3.84139e-01,2.67004e-01
12,0.45,2.75161e-01,2.91258e-01,2.59063e-01,3.84139e-01,2.67004e-01
12,0.46,2.75161e-01,2.92795e-01,2.57527e-01,3.84139e-01,2.67004e-01
12,0.47,2.75161e-01,2.94422e-01,2.55899e-01,3.84139e-01,2.67004e-01
12,0.48,2.75161e-01,2.96142e-01,2.54180e-01,3.84139e-01,2.67004e-01
12,0.49,2.75161e-01,2.97953e-01,2.52368e-01,3.84139e-01,2.67004e-01
12,0.50,2.75161e-01,2.99856e-01,2.50465e-01,3.84139e-01,2.67004e-01
12,0.51,2.75161e-01,3.01851e-01,2.48470e-01,3.84139e-01,2.67004e-01
12,0.52,2.75161e-01,3.03935e-01,2.46386e-01,3.84139e-01,2.67004e-01
12,0.53,2.75161e-01,3.06108e-01,2.44213e-01,3.84139e-01,2.67004e-01
12,0.54,2.75161e-01,3.08366e-01,2.41955e-01,3.84139e-01,2.67004e-01
12,0.55,2.75161e-01,3.10708e-01,2.39613e-01,3.84139e-01,2.67004e-01
12,0.56,2.75161e-01,3.13129e-01,2.37192e-01,3.84139e-01,2.67004e-01
12,0.57,2.75161e-01,3.15627e-01,2.34695e-01,3.84139e-01,2.67004e-01
12,0.58,2.75161e-01,3.18195e-01,2.32126e-01,3.84139e-01,2.67004e-01
12,0.59,2.75161e-01,3.20830e-01,2.29492e-01,3.84139e-01,2.67004e-01
12,0.60,2.75161e-01,3.23525e-01,2.26797e-01,3.84139e-01,2.67004e-01
13,0.00,2.60862e-01,2.60862e-01,2.60862e-01,3.96289e-01,2.53720e-01
13,0.01,2.60862e-01,2.60862e-01,2.60862e-01,3.96289e-01,2.53720e-01
13,0.02,2.60862e-01,2.60862e-01,2.60862e-01,3.96289e-01,2.53720e-01
13,0.03,2.60862e-01,2.60862e-01,2.60862e-01,3.96289e-01,2.53720e-01
13,0.04,2.60862e-01,2.60862e-01,2.60862e-01,3.96289e-01,2.53720e-01
13,0.05,2.60862e-01,2.60863e-01,2.60862e-01,3.96289e-01,2.53720e-01
13,0.06,2.60862e-01,2.60863e-01,2.60862e-01,3.96289e-01,2.53720e-01
13,0.07,2.60862e-01,2.60863e-01,2.60862e-01,3.96289e-01,2.53720e-01
13,0.08,2.60862e-01,2.60864e-01,2.60861e-01,3.96289e-01,2.53720e-01
13,0.09,2.60862e-01,2.60865e-01,2.60860e-01,3.96289e-01,2.53720e-01
13,0.10,2.60862e-01,2.60867e-01,2.60857e-01,3.96289e-01,2.53720e-01
13,0.11,2.60862e-01,2.60871e-01,2.60854e-01,3.96289e-01,2.53720e-01
13,0.12,2.60862e-01,2.60876e-01,2.60849e-01,3.96289e-01,2.53720e-01
13,0.13,2.60862e-01,2.60883e-01,2.60842e-01,3.96289e-01,2.53720e-01
13,0.14,2.60862e-01,2.60893e-01,2.60831e-01,3.96289e-01,2.53720e-01
13,0.15,2.60862e-01,2.60908e-01,2.60817e-01,3.96289e-01,2.53720e-01
13,0.16,2.60862e-01,2.60926e-01,2.60798e-01,3.96289e-01,2.53720e-01
13,0.17,2.60862e-01,2.60951e-01,2.60774e-01,3.96289e-01,2.53720e-01
13,0.18,2.60862e-01,2.60983e-01,2.60742e-01,3.96289e-01,2.53720e-01
13,0.19,2.60862e-01,2.61024e-01,2.60701e-01,3.96289e-01,2.53720e-01
13,0.20,2.60862e-01,2.61074e-01,2.60650e-01,3.96289e-01,2.53720e-01
13,0.21,2.60862e-01,2.61137e-01,2.60587e-01,3.96289e-01,2.53720e-01
13,0.22,2.60862e-01,2.61214e-01,2.60510e-01,3.96289e-01,2.53720e-01
13,0.23,2.60862e-01,2.61308e-01,2.60417e-01,3.96289e-01,2.53720e-01
13,0.24,2.60862e-01,2.61420e-01,2.60305e-01,3.96289e-01,2.53720e-01
13,0.25,2.60862e-01,2.61553e-01,2.60171e-01,3.96289e-01,2.53720e-01
13,0.26,2.60862e-01,2.61711e-01,2.60014e-01,3.96289e-01,2.53720e-01
13,0.27,2.60862e-01,2.61895e-01,2.59830e-01,3.96289e-01,2.53720e-01
13,0.28,2.60862e-01,2.62110e-01,2.59615e-01,3.96289e-01,2.53720e-01
13,0.29,2.60862e-01,2.62357e-01,2.59367e-01,3.96289e-01,2.53720e-01
13,0.30,2.60862e-01,2.62642e-01,2.59083e-01,3.96289e-01,2.53720e-01
13,0.31,2.60862e-01,2.62967e-01,2.58758e-01,3.96289e-01,2.53720e-01
13,0.32,2.60862e-01,2.63336e-01,2.58389e-01,3.96289e-01,2.53720e-01
13,0.33,2.60862e-01,2.63752e-01,2.57973e-01,3.96289e-01,2.53720e-01
13,0.34,2.60862e-01,2.64220e-01,2.57504e-01,3.96289e-01,2.53720e-01
13,0.35,2.60862e-01,2.64744e-01,2.56981e-01,3.96289e-01,2.53720e-01
13,0.36,2.60862e-01,2.65327e-01,2.56398e-01,3.96289e-01,2.53720e-01
13,0.37,2.60862e-01,2.65974e-01,2.55751e-01,3.96289e-01,2.53720e-01
13,0.38,2.60862e-01,2.66688e-01,2.55037e-01,3.96289e-01,2.53720e-01
13,0.39,2.60862e-01,2.67473e-01,2.54252e-01,3.96289e-01,2.53720e-01
13,0.40,2.60862e-01,2.68334e-01,2.53391e-01,3.96289e-01,2.53720e-01
13,0.41,2.60862e-01,2.69273e-01,2.52452e-01,3.96289e-01,2.53720e-01
13,0.42,2.60862e-01,2.70295e-01,2.51430e-01,3.96289e-01,2.53720e-01
13,0.43,2.60862e-01,2.71402e-01,2.50323e-01,3.96289e-01,2.53720e-01
13,0.44,2.60862e-01,2.72599e-01,2.49126e-01,3.96289e-01,2.53720e-01
13,0.45,2.60862e-01,2.73888e-01,2.47837e-01,3.96289e-01,2.53720e-01
13,0.46,2.60862e-01,2.75271e-01,2.46454e-01,3.96289e-01,2.53720e-01
13,0.47,2.60862e-01,2.76751e-01,2.44974e-01,3.96289e-01,2.53720e-01
13,0.48,2.60862e-01,2.78331e-01,2.43394e-01,3.96289e-01,2.53720e-01
13,0.49,2.60862e-01,2.80011e-01,2.41714e-01,3.96289e-01,2.53720e-01
13,0.50,2.60862e-01,2.81793e-01,2.39932e-01,3.96289e-01,2.53720e-01
13,0.51,2.60862e-01,2.83677e-01,2.38048e-01,3.96289e-01,2.53720e-01
13,0.52,2.60862e-01,2.85665e-01,2.36060e-01,3.96289e-01,2.53720e-01
13,0.53,2.60862e-01,2.87754e-01,2.33970e-01,3.96289e-01,2.53720e-01
13,0.54,2.60862e-01,2.89946e-01,2.31779e-01,3.96289e-01,2.53720e-01
13,0.55,2.60862e-01,2.92237e-01,2.29488e-01,3.96289e-01,2.53720e-01
13,0.56,2.60862e-01,2.94626e-01,2.27099e-01,3.96289e-01,2.53720e-01
13,0.57,2.60862e-01,2.97111e-01,2.24614e-01,3.96289e-01,2.53720e-01
13,0.58,2.60862e-01,2.99687e-01,2.22038e-01,3.96289e-01,2.53720e-01
13,0.59,2.60862e-01,3.02350e-01,2.19375e-01,3.96289e-01,2.53720e-01
13,0.60,2.60862e-01,3.05096e-01,2.16629e-01,3.96289e-01,2.53720e-01
14,0.00,2.48288e-01,2.48288e-01,2.48288e-01,4.07788e-01,2.41973e-01
14,0.01,2.48288e-01,2.48288e-01,2.48288e-01,4.07788e-01,2.41973e-01
14,0.02,2.48288e-01,2.48288e-01,2.48288e-01,4.07788e-01,2.41973e-01
14,0.03,2.48288e-01,2.48288e-01,2.48288e-01,4.07788e-01,2.41973e-01
14,0.04,2.48288e-01,2.48288e-01,2.48288e-01,4.07788e-01,2.41973e-01
14,0.05,2.48288e-01,2.48288e-01,2.48288e-01,4.07788e-01,2.41973e-01
14,0.06,2.48288e-01,2.48288e-01,2.48288e-01,4.07788e-01,2.41973e-01
14,0.07,2.48288e-01,2.48288e-01,2.48287e-01,4.07788e-01,2.41973e-01
14,0.08,2.48288e-01,2.48288e-01,2.48287e-01,4.07788e-01,2.41973e-01
14,0.09,2.48288e-01,2.48289e-01,2.48287e-01,4.07788e-01,2.41973e-01
14,0.10,2.48288e-01,2.48290e-01,2.48286e-01,4.07788e-01,2.41973e-01
14,0.11,2.48288e-01,2.48291e-01,2.48284e-01,4.07788e-01,2.41973e-01
14,0.12,2.48288e-01,2.48293e-01,2.48282e-01,4.07788e-01,2.41973e-01
14,0.13,2.48288e-01,2.48297e-01,2.48278e-01,4.07788e-01,2.41973e-01
14,0.14,2.48288e-01,2.48302e-01,2.48273e-01,4.07788e-01,2.41973e-01
14,0.15,2.48288e-01,2.48309e-01,2.48266e-01,4.07788e-01,2.41973e-01
14,0.16,2.48288e-01,2.48319e-01,2.48256e-01,4.07788e-01,2.41973e-01
14,0.17,2.48288e-01,2.48333e-01,2.48243e-01,4.07788e-01,2.41973e-01
14,0.18,2.48288e-01,2.48350e-01,2.48225e-01,4.07788e-01,2.41973e-01
14,0.19,2.48288e-01,2.48374e-01,2.48201e-01,4.07788e-01,2.41973e-01
14,0.20,2.48288e-01,2.48404e-01,2.48171e-01,4.07788e-01,2.41973e-01
14,0.21,2.48288e-01,2.48442e-01,2.48133e-01,4.07788e-01,2.41973e-01
14,0.22,2.48288e-01,2.48490e-01,2.48085e-01,4.07788e-01,2.41973e-01
14,0.23,2.48288e-01,2.48549e-01,2.48026e-01,4.07788e-01,2.41973e-01
14,0.24,2.48288e-01,2.48622e-01,2.47953e-01,4.07788e-01,2.41973e-01
14,0.25,2.48288e-01,2.48710e-01,2.47865e-01,4.07788e-01,2.41973e-01
14,0.26,2.48288e-01,2.48816e-01,2.47759e-01,4.07788e-01,2.41973e-01
14,0.27,2.48288e-01,2.48943e-01,2.47632e-01,4.07788e-01,2.41973e-01
14,0.28,2.48288e-01,2.49093e-01,2.47482e-01,4.07788e-01,2.41973e-01
14,0.29,2.48288e-01,2.49269e-01,2.47306e-01,4.07788e-01,2.41973e-01
14,0.30,2.48288e-01,2.49475e-01,2.47100e-01,4.07788e-01,2.41973e-01
14,0.31,2.48288e-01,2.49714e-01,2.46861e-01,4.07788e-01,2.41973e-01
14,0.32,2.48288e-01,2.49990e-01,2.46586e-01,4.07788e-01,2.41973e-01
14,0.33,2.48288e-01,2.50306e-01,2.46270e-01,4.07788e-01,2.41973e-01
14,0.34,2.48288e-01,2.50666e-01,2.45910e-01,4.07788e-01,2.41973e-01
14,0.35,2.48288e-01,2.51074e-01,2.45501e-01,4.07788e-01,2.41973e-01
14,0.36,2.48288e-01,2.51535e-01,2.45040e-01,4.07788e-01,2.41973e-01
14,0.37,2.48288e-01,2.52053e-01,2.44522e-01,4.07788e-01,2.41973e-01
14,0.38,2.48288e-01,2.52633e-01,2.43942e-01,4.07788e-01,2.41973e-01
14,0.39,2.48288e-01,2.53278e-01,2.43297e-01,4.07788e-01,2.41973e-01
14,0.40,2.48288e-01,2.53994e-01,2.42582e-01,4.07788e-01,2.41973e-01
14,0.41,2.48288e-01,2.54784e-01,2.41791e-01,4.07788e-01,2.41973e-01
14,0.42,2.48288e-01,2.55653e-01,2.40922e-01,4.07788e-01,2.41973e-01
14,0.43,2.48288e-01,2.56606e-01,2.39969e-01,4.07788e-01,2.41973e-01
14,0.44,2.48288e-01,2.57647e-01,2.38928e-01,4.07788e-01,2.41973e-01
14,0.45,2.48288e-01,2.58780e-01,2.37795e-01,4.07788e-01,2.41973e-01
14,0.46,2.48288e-01,2.60008e-01,2.36567e-01,4.07788e-01,2.41973e-01
14,0.47,2.48288e-01,2.61336e-01,2.35239e-01,4.07788e-01,2.41973e-01
14,0.48,2.48288e-01,2.62767e-01,2.33808e-01,4.07788e-01,2.41973e-01
14,0.49,2.48288e-01,2.64303e-01,2.32272e-01,4.07788e-01,2.41973e-01
14,0.50,2.48288e-01,2.65948e-01,2.30627e-01,4.07788e-01,2.41973e-01
14,0.51,2.48288e-01,2.67703e-01,2.28872e-01,4.07788e-01,2.41973e-01
14,0.52,2.48288e-01,2.69571e-01,2.27004e-01,4.07788e-01,2.41973e-01
14,0.53,2.48288e-01,2.71552e-01,2.25023e-01,4.07788e-01,2.41973e-01
14,0.54,2.48288e-01,2.73647e-01,2.22928e-01,4.07788e-01,2.41973e-01
14,0.55,2.48288e-01,2.75856e-01,2.20719e-01,4.07788e-01,2.41973e-01
14,0.56,2.48288e-01,2.78179e-01,2.18396e-01,4.07788e-01,2.41973e-01
14,0.57,2.48288e-01,2.80613e-01,2.15962e-01,4.07788e-01,2.41973e-01
14,0.58,2.48288e-01,2.83158e-01,2.13417e-01,4.07788e-01,2.41973e-01
14,0.59,2.48288e-01,2.85809e-01,2.10766e-01,4.07788e-01,2.41973e-01
14,0.60,2.48288e-01,2.88564e-01,2.08011e-01,4.07788e-01,2.41973e-01
