#e_p,R_H,f_stab
0.000,0.250,1.00000
0.000,0.260,1.00000
0.000,0.270,1.00000
0.000,0.280,1.00000
0.000,0.290,1.00000
0.000,0.300,1.00000
0.000,0.310,1.00000
0.000,0.320,1.00000
0.000,0.330,1.00000
0.000,0.340,1.00000
0.000,0.350,1.00000
0.000,0.360,1.00000
0.000,0.370,1.00000
0.000,0.380,1.00000
0.000,0.390,1.00000
0.000,0.400,1.00000
0.000,0.410,1.00000
0.000,0.420,1.00000
0.000,0.430,1.00000
0.000,0.440,1.00000
0.000,0.450,1.00000
0.000,0.460,1.00000
0.000,0.470,1.00000
0.000,0.480,1.00000
0.000,0.490,1.00000
0.000,0.500,1.00000
0.000,0.510,1.00000
0.000,0.520,1.00000
0.000,0.530,1.00000
0.000,0.540,1.00000
0.000,0.550,1.00000
0.000,0.560,1.00000
0.000,0.570,1.00000
0.000,0.580,1.00000
0.000,0.590,1.00000
0.000,0.600,1.00000
0.000,0.610,0.90000
0.000,0.620,0.80000
0.000,0.630,0.85000
0.000,0.640,0.95000
0.000,0.650,0.85000
0.000,0.660,0.80000
0.000,0.670,0.75000
0.000,0.680,0.70000
0.000,0.690,0.50000
0.000,0.700,0.35000
0.010,0.250,1.00000
0.010,0.260,1.00000
0.010,0.270,1.00000
0.010,0.280,1.00000
0.010,0.290,1.00000
0.010,0.300,1.00000
0.010,0.310,1.00000
0.010,0.320,1.00000
0.010,0.330,1.00000
0.010,0.340,1.00000
0.010,0.350,1.00000
0.010,0.360,1.00000
0.010,0.370,1.00000
0.010,0.380,1.00000
0.010,0.390,1.00000
0.010,0.400,1.00000
0.010,0.410,1.00000
0.010,0.420,1.00000
0.010,0.430,1.00000
0.010,0.440,1.00000
0.010,0.450,1.00000
0.010,0.460,1.00000
0.010,0.470,1.00000
0.010,0.480,1.00000
0.010,0.490,1.00000
0.010,0.500,1.00000
0.010,0.510,1.00000
0.010,0.520,1.00000
0.010,0.530,1.00000
0.010,0.540,1.00000
0.010,0.550,1.00000
0.010,0.560,1.00000
0.010,0.570,1.00000
0.010,0.580,1.00000
0.010,0.590,1.00000
0.010,0.600,1.00000
0.010,0.610,0.80000
0.010,0.620,0.75000
0.010,0.630,0.85000
0.010,0.640,0.95000
0.010,0.650,0.85000
0.010,0.660,0.90000
0.010,0.670,0.80000
0.010,0.680,0.50000
0.010,0.690,0.45000
0.010,0.700,0.35000
0.020,0.250,1.00000
0.020,0.260,1.00000
0.020,0.270,1.00000
0.020,0.280,1.00000
0.020,0.290,1.00000
0.020,0.300,1.00000
0.020,0.310,1.00000
0.020,0.320,1.00000
0.020,0.330,1.00000
0.020,0.340,1.00000
0.020,0.350,1.00000
0.020,0.360,1.00000
0.020,0.370,1.00000
0.020,0.380,1.00000
0.020,0.390,1.00000
0.020,0.400,1.00000
0.020,0.410,1.00000
0.020,0.420,1.00000
0.020,0.430,1.00000
0.020,0.440,1.00000
0.020,0.450,1.00000
0.020,0.460,1.00000
0.020,0.470,1.00000
0.020,0.480,1.00000
0.020,0.490,1.00000
0.020,0.500,1.00000
0.020,0.510,1.00000
0.020,0.520,1.00000
0.020,0.530,1.00000
0.020,0.540,1.00000
0.020,0.550,1.00000
0.020,0.560,1.00000
0.020,0.570,1.00000
0.020,0.580,1.00000
0.020,0.590,1.00000
0.020,0.600,1.00000
0.020,0.610,0.80000
0.020,0.620,0.95000
0.020,0.630,0.95000
0.020,0.640,0.85000
0.020,0.650,0.95000
0.020,0.660,0.95000
0.020,0.670,0.70000
0.020,0.680,0.70000
0.020,0.690,0.70000
0.020,0.700,0.60000
0.030,0.250,1.00000
0.030,0.260,1.00000
0.030,0.270,1.00000
0.030,0.280,1.00000
0.030,0.290,1.00000
0.030,0.300,1.00000
0.030,0.310,1.00000
0.030,0.320,1.00000
0.030,0.330,1.00000
0.030,0.340,1.00000
0.030,0.350,1.00000
0.030,0.360,1.00000
0.030,0.370,1.00000
0.030,0.380,1.00000
0.030,0.390,1.00000
0.030,0.400,1.00000
0.030,0.410,1.00000
0.030,0.420,1.00000
0.030,0.430,1.00000
0.030,0.440,1.00000
0.030,0.450,1.00000
0.030,0.460,1.00000
0.030,0.470,1.00000
0.030,0.480,1.00000
0.030,0.490,1.00000
0.030,0.500,1.00000
0.030,0.510,1.00000
0.030,0.520,1.00000
0.030,0.530,1.00000
0.030,0.540,1.00000
0.030,0.550,1.00000
0.030,0.560,1.00000
0.030,0.570,1.00000
0.030,0.580,1.00000
0.030,0.590,1.00000
0.030,0.600,1.00000
0.030,0.610,0.95000
0.030,0.620,0.95000
0.030,0.630,0.85000
0.030,0.640,1.00000
0.030,0.650,0.85000
0.030,0.660,0.70000
0.030,0.670,0.65000
0.030,0.680,0.60000
0.030,0.690,0.55000
0.030,0.700,0.40000
0.040,0.250,1.00000
0.040,0.260,1.00000
0.040,0.270,1.00000
0.040,0.280,1.00000
0.040,0.290,1.00000
0.040,0.300,1.00000
0.040,0.310,1.00000
0.040,0.320,1.00000
0.040,0.330,1.00000
0.040,0.340,1.00000
0.040,0.350,1.00000
0.040,0.360,1.00000
0.040,0.370,1.00000
0.040,0.380,1.00000
0.040,0.390,1.00000
0.040,0.400,1.00000
0.040,0.410,1.00000
0.040,0.420,1.00000
0.040,0.430,1.00000
0.040,0.440,1.00000
0.040,0.450,1.00000
0.040,0.460,1.00000
0.040,0.470,1.00000
0.040,0.480,1.00000
0.040,0.490,1.00000
0.040,0.500,1.00000
0.040,0.510,1.00000
0.040,0.520,1.00000
0.040,0.530,1.00000
0.040,0.540,1.00000
0.040,0.550,1.00000
0.040,0.560,1.00000
0.040,0.570,1.00000
0.040,0.580,1.00000
0.040,0.590,1.00000
0.040,0.600,0.90000
0.040,0.610,0.70000
0.040,0.620,0.85000
0.040,0.630,0.80000
0.040,0.640,0.75000
0.040,0.650,0.80000
0.040,0.660,0.60000
0.040,0.670,0.60000
0.040,0.680,0.55000
0.040,0.690,0.55000
0.040,0.700,0.40000
0.050,0.250,1.00000
0.050,0.260,1.00000
0.050,0.270,1.00000
0.050,0.280,1.00000
0.050,0.290,1.00000
0.050,0.300,1.00000
0.050,0.310,1.00000
0.050,0.320,1.00000
0.050,0.330,1.00000
0.050,0.340,1.00000
0.050,0.350,1.00000
0.050,0.360,1.00000
0.050,0.370,1.00000
0.050,0.380,1.00000
0.050,0.390,1.00000
0.050,0.400,1.00000
0.050,0.410,1.00000
0.050,0.420,1.00000
0.050,0.430,1.00000
0.050,0.440,1.00000
0.050,0.450,1.00000
0.050,0.460,1.00000
0.050,0.470,1.00000
0.050,0.480,1.00000
0.050,0.490,1.00000
0.050,0.500,1.00000
0.050,0.510,1.00000
0.050,0.520,1.00000
0.050,0.530,1.00000
0.050,0.540,1.00000
0.050,0.550,1.00000
0.050,0.560,1.00000
0.050,0.570,1.00000
0.050,0.580,1.00000
0.050,0.590,1.00000
0.050,0.600,0.85000
0.050,0.610,0.80000
0.050,0.620,0.80000
0.050,0.630,0.85000
0.050,0.640,0.85000
0.050,0.650,0.75000
0.050,0.660,0.60000
0.050,0.670,0.45000
0.050,0.680,0.40000
0.050,0.690,0.40000
0.050,0.700,0.30000
0.060,0.250,1.00000
0.060,0.260,1.00000
0.060,0.270,1.00000
0.060,0.280,1.00000
0.060,0.290,1.00000
0.060,0.300,1.00000
0.060,0.310,1.00000
0.060,0.320,1.00000
0.060,0.330,1.00000
0.060,0.340,1.00000
0.060,0.350,1.00000
0.060,0.360,1.00000
0.060,0.370,1.00000
0.060,0.380,1.00000
0.060,0.390,1.00000
0.060,0.400,1.00000
0.060,0.410,1.00000
0.060,0.420,1.00000
0.060,0.430,1.00000
0.060,0.440,1.00000
0.060,0.450,1.00000
0.060,0.460,1.00000
0.060,0.470,1.00000
0.060,0.480,1.00000
0.060,0.490,1.00000
0.060,0.500,1.00000
0.060,0.510,1.00000
0.060,0.520,1.00000
0.060,0.530,1.00000
0.060,0.540,1.00000
0.060,0.550,1.00000
0.060,0.560,1.00000
0.060,0.570,1.00000
0.060,0.580,1.00000
0.060,0.590,1.00000
0.060,0.600,0.90000
0.060,0.610,0.75000
0.060,0.620,0.85000
0.060,0.630,0.70000
0.060,0.640,0.75000
0.060,0.650,0.60000
0.060,0.660,0.65000
0.060,0.670,0.60000
0.060,0.680,0.40000
0.060,0.690,0.45000
0.060,0.700,0.30000
0.070,0.250,1.00000
0.070,0.260,1.00000
0.070,0.270,1.00000
0.070,0.280,1.00000
0.070,0.290,1.00000
0.070,0.300,1.00000
0.070,0.310,1.00000
0.070,0.320,1.00000
0.070,0.330,1.00000
0.070,0.340,1.00000
0.070,0.350,1.00000
0.070,0.360,1.00000
0.070,0.370,1.00000
0.070,0.380,1.00000
0.070,0.390,1.00000
0.070,0.400,1.00000
0.070,0.410,1.00000
0.070,0.420,1.00000
0.070,0.430,1.00000
0.070,0.440,1.00000
0.070,0.450,1.00000
0.070,0.460,1.00000
0.070,0.470,1.00000
0.070,0.480,1.00000
0.070,0.490,1.00000
0.070,0.500,1.00000
0.070,0.510,1.00000
0.070,0.520,1.00000
0.070,0.530,1.00000
0.070,0.540,1.00000
0.070,0.550,1.00000
0.070,0.560,1.00000
0.070,0.570,1.00000
0.070,0.580,0.90000
0.070,0.590,0.90000
0.070,0.600,0.75000
0.070,0.610,0.80000
0.070,0.620,0.80000
0.070,0.630,0.75000
0.070,0.640,0.45000
0.070,0.650,0.30000
0.070,0.660,0.30000
0.070,0.670,0.45000
0.070,0.680,0.50000
0.070,0.690,0.25000
0.070,0.700,0.35000
0.080,0.250,1.00000
0.080,0.260,1.00000
0.080,0.270,1.00000
0.080,0.280,1.00000
0.080,0.290,1.00000
0.080,0.300,1.00000
0.080,0.310,1.00000
0.080,0.320,1.00000
0.080,0.330,1.00000
0.080,0.340,1.00000
0.080,0.350,1.00000
0.080,0.360,1.00000
0.080,0.370,1.00000
0.080,0.380,1.00000
0.080,0.390,1.00000
0.080,0.400,1.00000
0.080,0.410,1.00000
0.080,0.420,1.00000
0.080,0.430,1.00000
0.080,0.440,1.00000
0.080,0.450,1.00000
0.080,0.460,1.00000
0.080,0.470,1.00000
0.080,0.480,1.00000
0.080,0.490,1.00000
0.080,0.500,1.00000
0.080,0.510,1.00000
0.080,0.520,1.00000
0.080,0.530,0.95000
0.080,0.540,1.00000
0.080,0.550,1.00000
0.080,0.560,1.00000
0.080,0.570,0.95000
0.080,0.580,0.90000
0.080,0.590,0.80000
0.080,0.600,0.75000
0.080,0.610,0.45000
0.080,0.620,0.50000
0.080,0.630,0.55000
0.080,0.640,0.55000
0.080,0.650,0.55000
0.080,0.660,0.45000
0.080,0.670,0.35000
0.080,0.680,0.25000
0.080,0.690,0.20000
0.080,0.700,0.20000
0.090,0.250,1.00000
0.090,0.260,1.00000
0.090,0.270,1.00000
0.090,0.280,1.00000
0.090,0.290,1.00000
0.090,0.300,1.00000
0.090,0.310,1.00000
0.090,0.320,1.00000
0.090,0.330,1.00000
0.090,0.340,1.00000
0.090,0.350,1.00000
0.090,0.360,1.00000
0.090,0.370,1.00000
0.090,0.380,1.00000
0.090,0.390,1.00000
0.090,0.400,1.00000
0.090,0.410,1.00000
0.090,0.420,1.00000
0.090,0.430,1.00000
0.090,0.440,1.00000
0.090,0.450,1.00000
0.090,0.460,1.00000
0.090,0.470,1.00000
0.090,0.480,1.00000
0.090,0.490,1.00000
0.090,0.500,1.00000
0.090,0.510,1.00000
0.090,0.520,0.95000
0.090,0.530,0.95000
0.090,0.540,1.00000
0.090,0.550,1.00000
0.090,0.560,1.00000
0.090,0.570,1.00000
0.090,0.580,0.90000
0.090,0.590,0.75000
0.090,0.600,0.55000
0.090,0.610,0.60000
0.090,0.620,0.55000
0.090,0.630,0.50000
0.090,0.640,0.50000
0.090,0.650,0.40000
0.090,0.660,0.55000
0.090,0.670,0.40000
0.090,0.680,0.35000
0.090,0.690,0.45000
0.090,0.700,0.35000
0.100,0.250,1.00000
0.100,0.260,1.00000
0.100,0.270,1.00000
0.100,0.280,1.00000
0.100,0.290,1.00000
0.100,0.300,1.00000
0.100,0.310,1.00000
0.100,0.320,1.00000
0.100,0.330,1.00000
0.100,0.340,1.00000
0.100,0.350,1.00000
0.100,0.360,1.00000
0.100,0.370,1.00000
0.100,0.380,1.00000
0.100,0.390,1.00000
0.100,0.400,1.00000
0.100,0.410,1.00000
0.100,0.420,1.00000
0.100,0.430,1.00000
0.100,0.440,1.00000
0.100,0.450,1.00000
0.100,0.460,1.00000
0.100,0.470,1.00000
0.100,0.480,1.00000
0.100,0.490,1.00000
0.100,0.500,1.00000
0.100,0.510,1.00000
0.100,0.520,0.95000
0.100,0.530,0.95000
0.100,0.540,0.95000
0.100,0.550,1.00000
0.100,0.560,1.00000
0.100,0.570,0.95000
0.100,0.580,0.80000
0.100,0.590,0.85000
0.100,0.600,0.55000
0.100,0.610,0.50000
0.100,0.620,0.30000
0.100,0.630,0.45000
0.100,0.640,0.35000
0.100,0.650,0.35000
0.100,0.660,0.45000
0.100,0.670,0.20000
0.100,0.680,0.15000
0.100,0.690,0.10000
0.100,0.700,0.20000
0.110,0.250,1.00000
0.110,0.260,1.00000
0.110,0.270,1.00000
0.110,0.280,1.00000
0.110,0.290,1.00000
0.110,0.300,1.00000
0.110,0.310,1.00000
0.110,0.320,1.00000
0.110,0.330,1.00000
0.110,0.340,1.00000
0.110,0.350,1.00000
0.110,0.360,1.00000
0.110,0.370,1.00000
0.110,0.380,1.00000
0.110,0.390,1.00000
0.110,0.400,1.00000
0.110,0.410,1.00000
0.110,0.420,1.00000
0.110,0.430,1.00000
0.110,0.440,1.00000
0.110,0.450,1.00000
0.110,0.460,1.00000
0.110,0.470,1.00000
0.110,0.480,1.00000
0.110,0.490,1.00000
0.110,0.500,1.00000
0.110,0.510,0.95000
0.110,0.520,0.80000
0.110,0.530,1.00000
0.110,0.540,0.90000
0.110,0.550,0.90000
0.110,0.560,0.90000
0.110,0.570,0.70000
0.110,0.580,0.65000
0.110,0.590,0.50000
0.110,0.600,0.40000
0.110,0.610,0.35000
0.110,0.620,0.25000
0.110,0.630,0.20000
0.110,0.640,0.20000
0.110,0.650,0.25000
0.110,0.660,0.20000
0.110,0.670,0.20000
0.110,0.680,0.10000
0.110,0.690,0.10000
0.110,0.700,0.10000
0.120,0.250,1.00000
0.120,0.260,1.00000
0.120,0.270,1.00000
0.120,0.280,1.00000
0.120,0.290,1.00000
0.120,0.300,1.00000
0.120,0.310,1.00000
0.120,0.320,1.00000
0.120,0.330,1.00000
0.120,0.340,1.00000
0.120,0.350,1.00000
0.120,0.360,1.00000
0.120,0.370,1.00000
0.120,0.380,1.00000
0.120,0.390,1.00000
0.120,0.400,1.00000
0.120,0.410,1.00000
0.120,0.420,1.00000
0.120,0.430,1.00000
0.120,0.440,1.00000
0.120,0.450,1.00000
0.120,0.460,1.00000
0.120,0.470,1.00000
0.120,0.480,1.00000
0.120,0.490,1.00000
0.120,0.500,1.00000
0.120,0.510,0.90000
0.120,0.520,0.95000
0.120,0.530,0.85000
0.120,0.540,0.90000
0.120,0.550,0.95000
0.120,0.560,0.80000
0.120,0.570,0.70000
0.120,0.580,0.60000
0.120,0.590,0.55000
0.120,0.600,0.60000
0.120,0.610,0.55000
0.120,0.620,0.35000
0.120,0.630,0.45000
0.120,0.640,0.35000
0.120,0.650,0.45000
0.120,0.660,0.45000
0.120,0.670,0.50000
0.120,0.680,0.45000
0.120,0.690,0.40000
0.120,0.700,0.30000
0.130,0.250,1.00000
0.130,0.260,1.00000
0.130,0.270,1.00000
0.130,0.280,1.00000
0.130,0.290,1.00000
0.130,0.300,1.00000
0.130,0.310,1.00000
0.130,0.320,1.00000
0.130,0.330,1.00000
0.130,0.340,1.00000
0.130,0.350,1.00000
0.130,0.360,1.00000
0.130,0.370,1.00000
0.130,0.380,1.00000
0.130,0.390,1.00000
0.130,0.400,1.00000
0.130,0.410,1.00000
0.130,0.420,1.00000
0.130,0.430,1.00000
0.130,0.440,1.00000
0.130,0.450,1.00000
0.130,0.460,1.00000
0.130,0.470,1.00000
0.130,0.480,1.00000
0.130,0.490,1.00000
0.130,0.500,0.85000
0.130,0.510,0.85000
0.130,0.520,0.85000
0.130,0.530,0.85000
0.130,0.540,0.65000
0.130,0.550,0.85000
0.130,0.560,0.70000
0.130,0.570,0.55000
0.130,0.580,0.55000
0.130,0.590,0.40000
0.130,0.600,0.35000
0.130,0.610,0.30000
0.130,0.620,0.25000
0.130,0.630,0.15000
0.130,0.640,0.25000
0.130,0.650,0.15000
0.130,0.660,0.15000
0.130,0.670,0.10000
0.130,0.680,0.10000
0.130,0.690,0.10000
0.130,0.700,0.05000
0.140,0.250,1.00000
0.140,0.260,1.00000
0.140,0.270,1.00000
0.140,0.280,1.00000
0.140,0.290,1.00000
0.140,0.300,1.00000
0.140,0.310,1.00000
0.140,0.320,1.00000
0.140,0.330,1.00000
0.140,0.340,1.00000
0.140,0.350,1.00000
0.140,0.360,1.00000
0.140,0.370,1.00000
0.140,0.380,1.00000
0.140,0.390,1.00000
0.140,0.400,1.00000
0.140,0.410,1.00000
0.140,0.420,1.00000
0.140,0.430,1.00000
0.140,0.440,1.00000
0.140,0.450,1.00000
0.140,0.460,1.00000
0.140,0.470,1.00000
0.140,0.480,1.00000
0.140,0.490,1.00000
0.140,0.500,0.85000
0.140,0.510,0.75000
0.140,0.520,0.70000
0.140,0.530,0.85000
0.140,0.540,0.80000
0.140,0.550,0.50000
0.140,0.560,0.45000
0.140,0.570,0.45000
0.140,0.580,0.45000
0.140,0.590,0.45000
0.140,0.600,0.40000
0.140,0.610,0.20000
0.140,0.620,0.20000
0.140,0.630,0.25000
0.140,0.640,0.25000
0.140,0.650,0.30000
0.140,0.660,0.30000
0.140,0.670,0.30000
0.140,0.680,0.15000
0.140,0.690,0.15000
0.140,0.700,0.15000
0.150,0.250,1.00000
0.150,0.260,1.00000
0.150,0.270,1.00000
0.150,0.280,1.00000
0.150,0.290,1.00000
0.150,0.300,1.00000
0.150,0.310,1.00000
0.150,0.320,1.00000
0.150,0.330,1.00000
0.150,0.340,1.00000
0.150,0.350,1.00000
0.150,0.360,1.00000
0.150,0.370,1.00000
0.150,0.380,1.00000
0.150,0.390,1.00000
0.150,0.400,1.00000
0.150,0.410,1.00000
0.150,0.420,1.00000
0.150,0.430,1.00000
0.150,0.440,1.00000
0.150,0.450,1.00000
0.150,0.460,1.00000
0.150,0.470,1.00000
0.150,0.480,1.00000
0.150,0.490,1.00000
0.150,0.500,0.80000
0.150,0.510,0.75000
0.150,0.520,0.90000
0.150,0.530,0.90000
0.150,0.540,0.55000
0.150,0.550,0.55000
0.150,0.560,0.60000
0.150,0.570,0.50000
0.150,0.580,0.30000
0.150,0.590,0.30000
0.150,0.600,0.30000
0.150,0.610,0.40000
0.150,0.620,0.30000
0.150,0.630,0.10000
0.150,0.640,-0.05000
0.150,0.650,0.05000
0.150,0.660,0.20000
0.150,0.670,0.15000
0.150,0.680,0.25000
0.150,0.690,0.20000
0.150,0.700,0.15000
0.160,0.250,1.00000
0.160,0.260,1.00000
0.160,0.270,1.00000
0.160,0.280,1.00000
0.160,0.290,1.00000
0.160,0.300,1.00000
0.160,0.310,1.00000
0.160,0.320,1.00000
0.160,0.330,1.00000
0.160,0.340,1.00000
0.160,0.350,1.00000
0.160,0.360,1.00000
0.160,0.370,1.00000
0.160,0.380,1.00000
0.160,0.390,1.00000
0.160,0.400,1.00000
0.160,0.410,1.00000
0.160,0.420,1.00000
0.160,0.430,1.00000
0.160,0.440,1.00000
0.160,0.450,1.00000
0.160,0.460,1.00000
0.160,0.470,0.95000
0.160,0.480,1.00000
0.160,0.490,1.00000
0.160,0.500,0.80000
0.160,0.510,0.70000
0.160,0.520,0.80000
0.160,0.530,0.55000
0.160,0.540,0.55000
0.160,0.550,0.50000
0.160,0.560,0.55000
0.160,0.570,0.40000
0.160,0.580,0.40000
0.160,0.590,0.30000
0.160,0.600,0.25000
0.160,0.610,0.20000
0.160,0.620,0.20000
0.160,0.630,0.05000
0.160,0.640,0.15000
0.160,0.650,0.05000
0.160,0.660,0.25000
0.160,0.670,0.20000
0.160,0.680,0.20000
0.160,0.690,0.15000
0.160,0.700,0.15000
0.170,0.250,1.00000
0.170,0.260,1.00000
0.170,0.270,1.00000
0.170,0.280,1.00000
0.170,0.290,1.00000
0.170,0.300,1.00000
0.170,0.310,1.00000
0.170,0.320,1.00000
0.170,0.330,1.00000
0.170,0.340,1.00000
0.170,0.350,1.00000
0.170,0.360,1.00000
0.170,0.370,1.00000
0.170,0.380,1.00000
0.170,0.390,1.00000
0.170,0.400,1.00000
0.170,0.410,1.00000
0.170,0.420,1.00000
0.170,0.430,1.00000
0.170,0.440,1.00000
0.170,0.450,0.95000
0.170,0.460,0.80000
0.170,0.470,1.00000
0.170,0.480,1.00000
0.170,0.490,1.00000
0.170,0.500,0.65000
0.170,0.510,0.35000
0.170,0.520,0.40000
0.170,0.530,0.50000
0.170,0.540,0.35000
0.170,0.550,0.35000
0.170,0.560,0.35000
0.170,0.570,0.35000
0.170,0.580,0.25000
0.170,0.590,0.20000
0.170,0.600,0.20000
0.170,0.610,0.25000
0.170,0.620,0.15000
0.170,0.630,0.05000
0.170,0.640,0.05000
0.170,0.650,-0.05000
0.170,0.660,0.05000
0.170,0.670,0.15000
0.170,0.680,0.15000
0.170,0.690,0.15000
0.170,0.700,0.15000
0.180,0.250,1.00000
0.180,0.260,1.00000
0.180,0.270,1.00000
0.180,0.280,1.00000
0.180,0.290,1.00000
0.180,0.300,1.00000
0.180,0.310,1.00000
0.180,0.320,1.00000
0.180,0.330,1.00000
0.180,0.340,1.00000
0.180,0.350,1.00000
0.180,0.360,1.00000
0.180,0.370,1.00000
0.180,0.380,1.00000
0.180,0.390,1.00000
0.180,0.400,1.00000
0.180,0.410,1.00000
0.180,0.420,1.00000
0.180,0.430,1.00000
0.180,0.440,1.00000
0.180,0.450,1.00000
0.180,0.460,0.90000
0.180,0.470,1.00000
0.180,0.480,1.00000
0.180,0.490,1.00000
0.180,0.500,0.90000
0.180,0.510,0.75000
0.180,0.520,0.65000
0.180,0.530,0.50000
0.180,0.540,0.55000
0.180,0.550,0.60000
0.180,0.560,0.60000
0.180,0.570,0.50000
0.180,0.580,0.45000
0.180,0.590,0.45000
0.180,0.600,0.45000
0.180,0.610,0.30000
0.180,0.620,0.30000
0.180,0.630,0.15000
0.180,0.640,0.05000
0.180,0.650,0.10000
0.180,0.660,0.10000
0.180,0.670,0.25000
0.180,0.680,0.25000
0.180,0.690,0.20000
0.180,0.700,0.10000
0.190,0.250,1.00000
0.190,0.260,1.00000
0.190,0.270,1.00000
0.190,0.280,1.00000
0.190,0.290,1.00000
0.190,0.300,1.00000
0.190,0.310,1.00000
0.190,0.320,1.00000
0.190,0.330,1.00000
0.190,0.340,0.90000
0.190,0.350,1.00000
0.190,0.360,1.00000
0.190,0.370,1.00000
0.190,0.380,1.00000
0.190,0.390,1.00000
0.190,0.400,1.00000
0.190,0.410,1.00000
0.190,0.420,1.00000
0.190,0.430,1.00000
0.190,0.440,1.00000
0.190,0.450,1.00000
0.190,0.460,0.95000
0.190,0.470,0.95000
0.190,0.480,0.90000
0.190,0.490,1.00000
0.190,0.500,0.80000
0.190,0.510,0.75000
0.190,0.520,0.60000
0.190,0.530,0.60000
0.190,0.540,0.40000
0.190,0.550,0.35000
0.190,0.560,0.35000
0.190,0.570,0.30000
0.190,0.580,0.25000
0.190,0.590,0.20000
0.190,0.600,0.15000
0.190,0.610,0.10000
0.190,0.620,0.10000
0.190,0.630,0.05000
0.190,0.640,-0.05000
0.190,0.650,-0.05000
0.190,0.660,-0.05000
0.190,0.670,-0.05000
0.190,0.680,-0.05000
0.190,0.690,-0.05000
0.190,0.700,-0.05000
0.200,0.250,1.00000
0.200,0.260,1.00000
0.200,0.270,1.00000
0.200,0.280,1.00000
0.200,0.290,1.00000
0.200,0.300,1.00000
0.200,0.310,1.00000
0.200,0.320,1.00000
0.200,0.330,0.95000
0.200,0.340,1.00000
0.200,0.350,1.00000
0.200,0.360,1.00000
0.200,0.370,1.00000
0.200,0.380,1.00000
0.200,0.390,1.00000
0.200,0.400,1.00000
0.200,0.410,1.00000
0.200,0.420,1.00000
0.200,0.430,1.00000
0.200,0.440,1.00000
0.200,0.450,0.95000
0.200,0.460,0.95000
0.200,0.470,0.95000
0.200,0.480,0.95000
0.200,0.490,0.90000
0.200,0.500,0.70000
0.200,0.510,0.60000
0.200,0.520,0.45000
0.200,0.530,0.35000
0.200,0.540,0.40000
0.200,0.550,0.40000
0.200,0.560,0.45000
0.200,0.570,0.45000
0.200,0.580,0.40000
0.200,0.590,0.40000
0.200,0.600,0.35000
0.200,0.610,0.30000
0.200,0.620,0.20000
0.200,0.630,0.05000
0.200,0.640,0.05000
0.200,0.650,-0.05000
0.200,0.660,0.10000
0.200,0.670,0.05000
0.200,0.680,0.10000
0.200,0.690,-0.05000
0.200,0.700,-0.05000
0.210,0.250,1.00000
0.210,0.260,1.00000
0.210,0.270,1.00000
0.210,0.280,1.00000
0.210,0.290,1.00000
0.210,0.300,1.00000
0.210,0.310,1.00000
0.210,0.320,1.00000
0.210,0.330,1.00000
0.210,0.340,0.90000
0.210,0.350,0.95000
0.210,0.360,1.00000
0.210,0.370,1.00000
0.210,0.380,1.00000
0.210,0.390,1.00000
0.210,0.400,1.00000
0.210,0.410,1.00000
0.210,0.420,0.95000
0.210,0.430,1.00000
0.210,0.440,1.00000
0.210,0.450,0.85000
0.210,0.460,0.95000
0.210,0.470,0.90000
0.210,0.480,0.95000
0.210,0.490,0.65000
0.210,0.500,0.80000
0.210,0.510,0.75000
0.210,0.520,0.50000
0.210,0.530,0.45000
0.210,0.540,0.50000
0.210,0.550,0.50000
0.210,0.560,0.50000
0.210,0.570,0.45000
0.210,0.580,0.45000
0.210,0.590,0.45000
0.210,0.600,0.35000
0.210,0.610,0.35000
0.210,0.620,0.25000
0.210,0.630,0.15000
0.210,0.640,-0.05000
0.210,0.650,-0.05000
0.210,0.660,0.05000
0.210,0.670,0.10000
0.210,0.680,0.15000
0.210,0.690,0.10000
0.210,0.700,-0.05000
0.220,0.250,1.00000
0.220,0.260,1.00000
0.220,0.270,1.00000
0.220,0.280,1.00000
0.220,0.290,1.00000
0.220,0.300,1.00000
0.220,0.310,1.00000
0.220,0.320,0.95000
0.220,0.330,0.95000
0.220,0.340,0.90000
0.220,0.350,0.95000
0.220,0.360,1.00000
0.220,0.370,1.00000
0.220,0.380,1.00000
0.220,0.390,1.00000
0.220,0.400,1.00000
0.220,0.410,0.95000
0.220,0.420,1.00000
0.220,0.430,1.00000
0.220,0.440,0.95000
0.220,0.450,0.80000
0.220,0.460,0.90000
0.220,0.470,0.90000
0.220,0.480,0.95000
0.220,0.490,0.75000
0.220,0.500,0.65000
0.220,0.510,0.65000
0.220,0.520,0.55000
0.220,0.530,0.35000
0.220,0.540,0.30000
0.220,0.550,0.35000
0.220,0.560,0.45000
0.220,0.570,0.50000
0.220,0.580,0.50000
0.220,0.590,0.50000
0.220,0.600,0.40000
0.220,0.610,0.45000
0.220,0.620,0.30000
0.220,0.630,0.15000
0.220,0.640,0.10000
0.220,0.650,0.05000
0.220,0.660,-0.05000
0.220,0.670,-0.05000
0.220,0.680,-0.05000
0.220,0.690,-0.05000
0.220,0.700,-0.05000
0.230,0.250,1.00000
0.230,0.260,1.00000
0.230,0.270,1.00000
0.230,0.280,1.00000
0.230,0.290,1.00000
0.230,0.300,1.00000
0.230,0.310,1.00000
0.230,0.320,1.00000
0.230,0.330,0.95000
0.230,0.340,0.90000
0.230,0.350,0.95000
0.230,0.360,0.90000
0.230,0.370,0.95000
0.230,0.380,1.00000
0.230,0.390,1.00000
0.230,0.400,1.00000
0.230,0.410,0.95000
0.230,0.420,1.00000
0.230,0.430,0.95000
0.230,0.440,0.85000
0.230,0.450,0.85000
0.230,0.460,0.80000
0.230,0.470,0.80000
0.230,0.480,0.75000
0.230,0.490,0.65000
0.230,0.500,0.70000
0.230,0.510,0.60000
0.230,0.520,0.60000
0.230,0.530,0.45000
0.230,0.540,0.25000
0.230,0.550,0.25000
0.230,0.560,0.25000
0.230,0.570,0.50000
0.230,0.580,0.50000
0.230,0.590,0.45000
0.230,0.600,0.20000
0.230,0.610,0.35000
0.230,0.620,0.35000
0.230,0.630,0.20000
0.230,0.640,0.10000
0.230,0.650,0.10000
0.230,0.660,-0.05000
0.230,0.670,-0.05000
0.230,0.680,-0.05000
0.230,0.690,-0.05000
0.230,0.700,-0.05000
0.240,0.250,1.00000
0.240,0.260,1.00000
0.240,0.270,1.00000
0.240,0.280,1.00000
0.240,0.290,1.00000
0.240,0.300,1.00000
0.240,0.310,1.00000
0.240,0.320,0.95000
0.240,0.330,0.90000
0.240,0.340,0.95000
0.240,0.350,0.95000
0.240,0.360,0.90000
0.240,0.370,1.00000
0.240,0.380,1.00000
0.240,0.390,1.00000
0.240,0.400,1.00000
0.240,0.410,0.95000
0.240,0.420,0.95000
0.240,0.430,1.00000
0.240,0.440,0.85000
0.240,0.450,0.75000
0.240,0.460,0.85000
0.240,0.470,0.65000
0.240,0.480,0.60000
0.240,0.490,0.55000
0.240,0.500,0.50000
0.240,0.510,0.45000
0.240,0.520,0.40000
0.240,0.530,0.30000
0.240,0.540,0.15000
0.240,0.550,0.15000
0.240,0.560,0.20000
0.240,0.570,0.30000
0.240,0.580,0.25000
0.240,0.590,0.30000
0.240,0.600,0.20000
0.240,0.610,0.10000
0.240,0.620,0.10000
0.240,0.630,0.15000
0.240,0.640,0.05000
0.240,0.650,0.05000
0.240,0.660,-0.05000
0.240,0.670,-0.05000
0.240,0.680,-0.05000
0.240,0.690,-0.05000
0.240,0.700,-0.05000
0.250,0.250,1.00000
0.250,0.260,1.00000
0.250,0.270,1.00000
0.250,0.280,1.00000
0.250,0.290,1.00000
0.250,0.300,1.00000
0.250,0.310,1.00000
0.250,0.320,1.00000
0.250,0.330,0.90000
0.250,0.340,0.80000
0.250,0.350,0.90000
0.250,0.360,0.90000
0.250,0.370,0.90000
0.250,0.380,1.00000
0.250,0.390,1.00000
0.250,0.400,0.90000
0.250,0.410,0.95000
0.250,0.420,0.90000
0.250,0.430,1.00000
0.250,0.440,0.80000
0.250,0.450,0.70000
0.250,0.460,0.70000
0.250,0.470,0.40000
0.250,0.480,0.85000
0.250,0.490,0.75000
0.250,0.500,0.50000
0.250,0.510,0.40000
0.250,0.520,0.45000
0.250,0.530,0.45000
0.250,0.540,0.40000
0.250,0.550,0.25000
0.250,0.560,0.20000
0.250,0.570,0.30000
0.250,0.580,0.40000
0.250,0.590,0.25000
0.250,0.600,0.10000
0.250,0.610,0.10000
0.250,0.620,0.15000
0.250,0.630,0.10000
0.250,0.640,0.10000
0.250,0.650,-0.05000
0.250,0.660,-0.05000
0.250,0.670,-0.05000
0.250,0.680,-0.05000
0.250,0.690,-0.05000
0.250,0.700,-0.05000
0.260,0.250,1.00000
0.260,0.260,1.00000
0.260,0.270,1.00000
0.260,0.280,1.00000
0.260,0.290,1.00000
0.260,0.300,1.00000
0.260,0.310,1.00000
0.260,0.320,0.90000
0.260,0.330,0.90000
0.260,0.340,0.85000
0.260,0.350,0.80000
0.260,0.360,0.75000
0.260,0.370,0.65000
0.260,0.380,0.90000
0.260,0.390,0.90000
0.260,0.400,0.85000
0.260,0.410,0.95000
0.260,0.420,0.85000
0.260,0.430,0.95000
0.260,0.440,0.75000
0.260,0.450,0.75000
0.260,0.460,0.80000
0.260,0.470,0.55000
0.260,0.480,0.35000
0.260,0.490,0.60000
0.260,0.500,0.65000
0.260,0.510,0.45000
0.260,0.520,0.30000
0.260,0.530,0.40000
0.260,0.540,0.45000
0.260,0.550,0.20000
0.260,0.560,0.05000
0.260,0.570,0.10000
0.260,0.580,0.15000
0.260,0.590,0.05000
0.260,0.600,0.10000
0.260,0.610,-0.05000
0.260,0.620,0.05000
0.260,0.630,0.05000
0.260,0.640,0.05000
0.260,0.650,-0.05000
0.260,0.660,-0.05000
0.260,0.670,-0.05000
0.260,0.680,-0.05000
0.260,0.690,-0.05000
0.260,0.700,-0.05000
0.270,0.250,1.00000
0.270,0.260,1.00000
0.270,0.270,1.00000
0.270,0.280,1.00000
0.270,0.290,1.00000
0.270,0.300,1.00000
0.270,0.310,1.00000
0.270,0.320,0.95000
0.270,0.330,0.80000
0.270,0.340,0.60000
0.270,0.350,0.70000
0.270,0.360,0.80000
0.270,0.370,0.65000
0.270,0.380,0.95000
0.270,0.390,0.90000
0.270,0.400,0.85000
0.270,0.410,0.85000
0.270,0.420,0.95000
0.270,0.430,0.95000
0.270,0.440,0.70000
0.270,0.450,0.70000
0.270,0.460,0.50000
0.270,0.470,0.50000
0.270,0.480,0.30000
0.270,0.490,0.35000
0.270,0.500,0.35000
0.270,0.510,0.35000
0.270,0.520,0.20000
0.270,0.530,0.15000
0.270,0.540,0.15000
0.270,0.550,0.10000
0.270,0.560,0.05000
0.270,0.570,0.10000
0.270,0.580,0.15000
0.270,0.590,0.05000
0.270,0.600,0.05000
0.270,0.610,0.05000
0.270,0.620,-0.05000
0.270,0.630,-0.05000
0.270,0.640,0.05000
0.270,0.650,-0.05000
0.270,0.660,-0.05000
0.270,0.670,-0.05000
0.270,0.680,-0.05000
0.270,0.690,-0.05000
0.270,0.700,-0.05000
0.280,0.250,1.00000
0.280,0.260,1.00000
0.280,0.270,1.00000
0.280,0.280,1.00000
0.280,0.290,1.00000
0.280,0.300,1.00000
0.280,0.310,1.00000
0.280,0.320,0.75000
0.280,0.330,0.70000
0.280,0.340,0.55000
0.280,0.350,0.70000
0.280,0.360,0.70000
0.280,0.370,0.65000
0.280,0.380,0.85000
0.280,0.390,0.95000
0.280,0.400,0.85000
0.280,0.410,0.80000
0.280,0.420,0.85000
0.280,0.430,1.00000
0.280,0.440,0.60000
0.280,0.450,0.70000
0.280,0.460,0.55000
0.280,0.470,0.50000
0.280,0.480,0.35000
0.280,0.490,0.35000
0.280,0.500,0.40000
0.280,0.510,0.45000
0.280,0.520,0.25000
0.280,0.530,0.15000
0.280,0.540,0.20000
0.280,0.550,0.15000
0.280,0.560,0.10000
0.280,0.570,0.10000
0.280,0.580,0.10000
0.280,0.590,0.10000
0.280,0.600,0.10000
0.280,0.610,-0.05000
0.280,0.620,0.05000
0.280,0.630,0.05000
0.280,0.640,0.05000
0.280,0.650,-0.05000
0.280,0.660,-0.05000
0.280,0.670,-0.05000
0.280,0.680,-0.05000
0.280,0.690,-0.05000
0.280,0.700,-0.05000
0.290,0.250,1.00000
0.290,0.260,1.00000
0.290,0.270,1.00000
0.290,0.280,1.00000
0.290,0.290,1.00000
0.290,0.300,1.00000
0.290,0.310,1.00000
0.290,0.320,0.90000
0.290,0.330,0.65000
0.290,0.340,0.40000
0.290,0.350,0.55000
0.290,0.360,0.75000
0.290,0.370,0.70000
0.290,0.380,0.90000
0.290,0.390,0.95000
0.290,0.400,0.80000
0.290,0.410,0.60000
0.290,0.420,0.85000
0.290,0.430,0.85000
0.290,0.440,0.75000
0.290,0.450,0.55000
0.290,0.460,0.45000
0.290,0.470,0.60000
0.290,0.480,0.45000
0.290,0.490,0.50000
0.290,0.500,0.55000
0.290,0.510,0.35000
0.290,0.520,0.40000
0.290,0.530,0.25000
0.290,0.540,0.25000
0.290,0.550,0.35000
0.290,0.560,0.30000
0.290,0.570,0.15000
0.290,0.580,0.15000
0.290,0.590,0.15000
0.290,0.600,0.05000
0.290,0.610,-0.05000
0.290,0.620,-0.05000
0.290,0.630,0.05000
0.290,0.640,-0.05000
0.290,0.650,-0.05000
0.290,0.660,-0.05000
0.290,0.670,-0.05000
0.290,0.680,-0.05000
0.290,0.690,-0.05000
0.290,0.700,-0.05000
0.300,0.250,1.00000
0.300,0.260,1.00000
0.300,0.270,1.00000
0.300,0.280,1.00000
0.300,0.290,1.00000
0.300,0.300,1.00000
0.300,0.310,1.00000
0.300,0.320,0.90000
0.300,0.330,0.70000
0.300,0.340,0.35000
0.300,0.350,0.35000
0.300,0.360,0.75000
0.300,0.370,0.85000
0.300,0.380,0.80000
0.300,0.390,0.95000
0.300,0.400,0.70000
0.300,0.410,0.80000
0.300,0.420,0.60000
0.300,0.430,0.85000
0.300,0.440,0.70000
0.300,0.450,0.60000
0.300,0.460,0.70000
0.300,0.470,0.35000
0.300,0.480,0.45000
0.300,0.490,0.50000
0.300,0.500,0.40000
0.300,0.510,0.30000
0.300,0.520,0.40000
0.300,0.530,0.30000
0.300,0.540,0.30000
0.300,0.550,0.15000
0.300,0.560,0.05000
0.300,0.570,0.15000
0.300,0.580,0.15000
0.300,0.590,0.15000
0.300,0.600,0.05000
0.300,0.610,-0.05000
0.300,0.620,-0.05000
0.300,0.630,0.05000
0.300,0.640,-0.05000
0.300,0.650,-0.05000
0.300,0.660,-0.05000
0.300,0.670,-0.05000
0.300,0.680,-0.05000
0.300,0.690,-0.05000
0.300,0.700,-0.05000
0.310,0.250,1.00000
0.310,0.260,1.00000
0.310,0.270,1.00000
0.310,0.280,1.00000
0.310,0.290,1.00000
0.310,0.300,1.00000
0.310,0.310,1.00000
0.310,0.320,0.55000
0.310,0.330,0.40000
0.310,0.340,0.25000
0.310,0.350,0.55000
0.310,0.360,0.75000
0.310,0.370,0.75000
0.310,0.380,0.85000
0.310,0.390,0.85000
0.310,0.400,0.55000
0.310,0.410,0.90000
0.310,0.420,0.85000
0.310,0.430,0.50000
0.310,0.440,0.40000
0.310,0.450,0.45000
0.310,0.460,0.45000
0.310,0.470,0.25000
0.310,0.480,0.15000
0.310,0.490,0.20000
0.310,0.500,0.20000
0.310,0.510,0.15000
0.310,0.520,0.10000
0.310,0.530,0.15000
0.310,0.540,0.10000
0.310,0.550,0.05000
0.310,0.560,0.05000
0.310,0.570,0.05000
0.310,0.580,0.05000
0.310,0.590,-0.05000
0.310,0.600,0.05000
0.310,0.610,-0.05000
0.310,0.620,0.05000
0.310,0.630,-0.05000
0.310,0.640,-0.05000
0.310,0.650,-0.05000
0.310,0.660,-0.05000
0.310,0.670,-0.05000
0.310,0.680,-0.05000
0.310,0.690,-0.05000
0.310,0.700,-0.05000
0.320,0.250,1.00000
0.320,0.260,1.00000
0.320,0.270,1.00000
0.320,0.280,1.00000
0.320,0.290,1.00000
0.320,0.300,1.00000
0.320,0.310,1.00000
0.320,0.320,0.60000
0.320,0.330,0.45000
0.320,0.340,0.30000
0.320,0.350,0.50000
0.320,0.360,0.65000
0.320,0.370,0.70000
0.320,0.380,0.70000
0.320,0.390,0.90000
0.320,0.400,0.70000
0.320,0.410,0.55000
0.320,0.420,0.80000
0.320,0.430,0.60000
0.320,0.440,0.50000
0.320,0.450,0.45000
0.320,0.460,0.40000
0.320,0.470,0.15000
0.320,0.480,0.15000
0.320,0.490,0.25000
0.320,0.500,0.20000
0.320,0.510,0.20000
0.320,0.520,0.20000
0.320,0.530,0.15000
0.320,0.540,0.10000
0.320,0.550,0.05000
0.320,0.560,0.15000
0.320,0.570,0.10000
0.320,0.580,0.10000
0.320,0.590,0.05000
0.320,0.600,-0.05000
0.320,0.610,-0.05000
0.320,0.620,-0.05000
0.320,0.630,-0.05000
0.320,0.640,-0.05000
0.320,0.650,-0.05000
0.320,0.660,-0.05000
0.320,0.670,-0.05000
0.320,0.680,-0.05000
0.320,0.690,-0.05000
0.320,0.700,-0.05000
0.330,0.250,1.00000
0.330,0.260,1.00000
0.330,0.270,1.00000
0.330,0.280,1.00000
0.330,0.290,1.00000
0.330,0.300,1.00000
0.330,0.310,1.00000
0.330,0.320,0.75000
0.330,0.330,0.60000
0.330,0.340,0.40000
0.330,0.350,0.25000
0.330,0.360,0.45000
0.330,0.370,0.30000
0.330,0.380,0.65000
0.330,0.390,0.70000
0.330,0.400,0.75000
0.330,0.410,0.70000
0.330,0.420,0.70000
0.330,0.430,0.60000
0.330,0.440,0.75000
0.330,0.450,0.65000
0.330,0.460,0.45000
0.330,0.470,0.50000
0.330,0.480,0.40000
0.330,0.490,0.35000
0.330,0.500,0.30000
0.330,0.510,0.25000
0.330,0.520,0.15000
0.330,0.530,0.15000
0.330,0.540,0.10000
0.330,0.550,0.05000
0.330,0.560,-0.05000
0.330,0.570,0.05000
0.330,0.580,0.05000
0.330,0.590,0.05000
0.330,0.600,-0.05000
0.330,0.610,-0.05000
0.330,0.620,-0.05000
0.330,0.630,-0.05000
0.330,0.640,-0.05000
0.330,0.650,-0.05000
0.330,0.660,-0.05000
0.330,0.670,-0.05000
0.330,0.680,-0.05000
0.330,0.690,-0.05000
0.330,0.700,-0.05000
0.340,0.250,1.00000
0.340,0.260,1.00000
0.340,0.270,1.00000
0.340,0.280,1.00000
0.340,0.290,1.00000
0.340,0.300,1.00000
0.340,0.310,1.00000
0.340,0.320,0.65000
0.340,0.330,0.30000
0.340,0.340,0.20000
0.340,0.350,0.40000
0.340,0.360,0.50000
0.340,0.370,0.70000
0.340,0.380,0.75000
0.340,0.390,0.55000
0.340,0.400,0.70000
0.340,0.410,0.65000
0.340,0.420,0.60000
0.340,0.430,0.40000
0.340,0.440,0.45000
0.340,0.450,0.35000
0.340,0.460,0.35000
0.340,0.470,0.25000
0.340,0.480,0.05000
0.340,0.490,0.20000
0.340,0.500,0.20000
0.340,0.510,0.10000
0.340,0.520,0.05000
0.340,0.530,0.05000
0.340,0.540,-0.05000
0.340,0.550,-0.05000
0.340,0.560,-0.05000
0.340,0.570,-0.05000
0.340,0.580,-0.05000
0.340,0.590,-0.05000
0.340,0.600,-0.05000
0.340,0.610,-0.05000
0.340,0.620,-0.05000
0.340,0.630,-0.05000
0.340,0.640,-0.05000
0.340,0.650,-0.05000
0.340,0.660,-0.05000
0.340,0.670,-0.05000
0.340,0.680,-0.05000
0.340,0.690,-0.05000
0.340,0.700,-0.05000
0.350,0.250,1.00000
0.350,0.260,1.00000
0.350,0.270,1.00000
0.350,0.280,1.00000
0.350,0.290,1.00000
0.350,0.300,1.00000
0.350,0.310,1.00000
0.350,0.320,0.75000
0.350,0.330,0.45000
0.350,0.340,0.45000
0.350,0.350,0.35000
0.350,0.360,0.40000
0.350,0.370,0.55000
0.350,0.380,0.60000
0.350,0.390,0.60000
0.350,0.400,0.80000
0.350,0.410,0.75000
0.350,0.420,0.65000
0.350,0.430,0.40000
0.350,0.440,0.45000
0.350,0.450,0.40000
0.350,0.460,0.45000
0.350,0.470,0.20000
0.350,0.480,0.20000
0.350,0.490,0.05000
0.350,0.500,0.15000
0.350,0.510,0.15000
0.350,0.520,0.15000
0.350,0.530,0.10000
0.350,0.540,0.10000
0.350,0.550,0.10000
0.350,0.560,0.05000
0.350,0.570,-0.05000
0.350,0.580,-0.05000
0.350,0.590,-0.05000
0.350,0.600,-0.05000
0.350,0.610,-0.05000
0.350,0.620,-0.05000
0.350,0.630,-0.05000
0.350,0.640,-0.05000
0.350,0.650,-0.05000
0.350,0.660,-0.05000
0.350,0.670,-0.05000
0.350,0.680,-0.05000
0.350,0.690,-0.05000
0.350,0.700,-0.05000
0.360,0.250,1.00000
0.360,0.260,1.00000
0.360,0.270,1.00000
0.360,0.280,1.00000
0.360,0.290,1.00000
0.360,0.300,1.00000
0.360,0.310,0.94444
0.360,0.320,0.60000
0.360,0.330,0.60000
0.360,0.340,0.20000
0.360,0.350,0.35000
0.360,0.360,0.25000
0.360,0.370,0.30000
0.360,0.380,0.85000
0.360,0.390,0.70000
0.360,0.400,0.55000
0.360,0.410,0.30000
0.360,0.420,0.50000
0.360,0.430,0.50000
0.360,0.440,0.35000
0.360,0.450,0.25000
0.360,0.460,0.20000
0.360,0.470,0.30000
0.360,0.480,0.25000
0.360,0.490,0.20000
0.360,0.500,0.15000
0.360,0.510,0.20000
0.360,0.520,0.05000
0.360,0.530,0.05000
0.360,0.540,0.05000
0.360,0.550,0.05000
0.360,0.560,-0.05000
0.360,0.570,-0.05000
0.360,0.580,-0.05000
0.360,0.590,-0.05000
0.360,0.600,-0.05000
0.360,0.610,-0.05000
0.360,0.620,-0.05000
0.360,0.630,-0.05000
0.360,0.640,-0.05000
0.360,0.650,-0.05000
0.360,0.660,-0.05000
0.360,0.670,-0.05000
0.360,0.680,-0.05000
0.360,0.690,-0.05000
0.360,0.700,-0.05000
0.370,0.250,1.00000
0.370,0.260,1.00000
0.370,0.270,1.00000
0.370,0.280,1.00000
0.370,0.290,1.00000
0.370,0.300,1.00000
0.370,0.310,0.90000
0.370,0.320,0.45000
0.370,0.330,0.40000
0.370,0.340,0.35000
0.370,0.350,0.45000
0.370,0.360,0.35000
0.370,0.370,0.50000
0.370,0.380,0.65000
0.370,0.390,0.40000
0.370,0.400,0.45000
0.370,0.410,0.30000
0.370,0.420,0.20000
0.370,0.430,0.15000
0.370,0.440,0.30000
0.370,0.450,0.25000
0.370,0.460,0.10000
0.370,0.470,0.05000
0.370,0.480,0.05000
0.370,0.490,0.10000
0.370,0.500,0.10000
0.370,0.510,0.05000
0.370,0.520,0.05000
0.370,0.530,-0.05000
0.370,0.540,-0.05000
0.370,0.550,-0.05000
0.370,0.560,-0.05000
0.370,0.570,-0.05000
0.370,0.580,-0.05000
0.370,0.590,-0.05000
0.370,0.600,-0.05000
0.370,0.610,-0.05000
0.370,0.620,-0.05000
0.370,0.630,-0.05000
0.370,0.640,-0.05000
0.370,0.650,-0.05000
0.370,0.660,-0.05000
0.370,0.670,-0.05000
0.370,0.680,-0.05000
0.370,0.690,-0.05000
0.370,0.700,-0.05000
0.380,0.250,1.00000
0.380,0.260,1.00000
0.380,0.270,1.00000
0.380,0.280,1.00000
0.380,0.290,1.00000
0.380,0.300,0.94737
0.380,0.310,0.85000
0.380,0.320,0.60000
0.380,0.330,0.45000
0.380,0.340,0.25000
0.380,0.350,0.15000
0.380,0.360,0.25000
0.380,0.370,0.40000
0.380,0.380,0.50000
0.380,0.390,0.40000
0.380,0.400,0.60000
0.380,0.410,0.40000
0.380,0.420,0.20000
0.380,0.430,0.20000
0.380,0.440,0.20000
0.380,0.450,0.35000
0.380,0.460,0.35000
0.380,0.470,0.15000
0.380,0.480,0.15000
0.380,0.490,0.10000
0.380,0.500,0.05000
0.380,0.510,0.10000
0.380,0.520,0.10000
0.380,0.530,-0.05000
0.380,0.540,-0.05000
0.380,0.550,-0.05000
0.380,0.560,-0.05000
0.380,0.570,-0.05000
0.380,0.580,-0.05000
0.380,0.590,-0.05000
0.380,0.600,-0.05000
0.380,0.610,-0.05000
0.380,0.620,-0.05000
0.380,0.630,-0.05000
0.380,0.640,-0.05000
0.380,0.650,-0.05000
0.380,0.660,-0.05000
0.380,0.670,-0.05000
0.380,0.680,-0.05000
0.380,0.690,-0.05000
0.380,0.700,-0.05000
0.390,0.250,1.00000
0.390,0.260,1.00000
0.390,0.270,1.00000
0.390,0.280,1.00000
0.390,0.290,1.00000
0.390,0.300,1.00000
0.390,0.310,0.70000
0.390,0.320,0.40000
0.390,0.330,0.40000
0.390,0.340,0.50000
0.390,0.350,0.60000
0.390,0.360,0.05000
0.390,0.370,0.35000
0.390,0.380,0.25000
0.390,0.390,0.20000
0.390,0.400,0.20000
0.390,0.410,0.20000
0.390,0.420,0.10000
0.390,0.430,0.20000
0.390,0.440,0.10000
0.390,0.450,0.10000
0.390,0.460,0.10000
0.390,0.470,0.15000
0.390,0.480,0.15000
0.390,0.490,0.05000
0.390,0.500,0.05000
0.390,0.510,0.05000
0.390,0.520,-0.05000
0.390,0.530,-0.05000
0.390,0.540,-0.05000
0.390,0.550,-0.05000
0.390,0.560,-0.05000
0.390,0.570,-0.05000
0.390,0.580,-0.05000
0.390,0.590,-0.05000
0.390,0.600,-0.05000
0.390,0.610,-0.05000
0.390,0.620,-0.05000
0.390,0.630,-0.05000
0.390,0.640,-0.05000
0.390,0.650,-0.05000
0.390,0.660,-0.05000
0.390,0.670,-0.05000
0.390,0.680,-0.05000
0.390,0.690,-0.05000
0.390,0.700,-0.05000
0.400,0.250,1.00000
0.400,0.260,1.00000
0.400,0.270,1.00000
0.400,0.280,1.00000
0.400,0.290,1.00000
0.400,0.300,0.89474
0.400,0.310,0.75000
0.400,0.320,0.40000
0.400,0.330,0.40000
0.400,0.340,0.55000
0.400,0.350,0.55000
0.400,0.360,0.10000
0.400,0.370,0.20000
0.400,0.380,0.05000
0.400,0.390,0.20000
0.400,0.400,0.20000
0.400,0.410,0.20000
0.400,0.420,0.10000
0.400,0.430,0.05000
0.400,0.440,0.10000
0.400,0.450,0.20000
0.400,0.460,0.20000
0.400,0.470,0.10000
0.400,0.480,0.05000
0.400,0.490,0.05000
0.400,0.500,-0.05000
0.400,0.510,0.05000
0.400,0.520,-0.05000
0.400,0.530,-0.05000
0.400,0.540,-0.05000
0.400,0.550,-0.05000
0.400,0.560,-0.05000
0.400,0.570,-0.05000
0.400,0.580,-0.05000
0.400,0.590,-0.05000
0.400,0.600,-0.05000
0.400,0.610,-0.05000
0.400,0.620,-0.05000
0.400,0.630,-0.05000
0.400,0.640,-0.05000
0.400,0.650,-0.05000
0.400,0.660,-0.05000
0.400,0.670,-0.05000
0.400,0.680,-0.05000
0.400,0.690,-0.05000
0.400,0.700,-0.05000
0.410,0.250,1.00000
0.410,0.260,1.00000
0.410,0.270,1.00000
0.410,0.280,0.89474
0.410,0.290,1.00000
0.410,0.300,0.77778
0.410,0.310,0.60000
0.410,0.320,0.25000
0.410,0.330,0.25000
0.410,0.340,0.50000
0.410,0.350,0.40000
0.410,0.360,0.20000
0.410,0.370,0.25000
0.410,0.380,0.15000
0.410,0.390,0.20000
0.410,0.400,0.10000
0.410,0.410,0.15000
0.410,0.420,0.15000
0.410,0.430,0.20000
0.410,0.440,0.15000
0.410,0.450,0.10000
0.410,0.460,0.10000
0.410,0.470,0.05000
0.410,0.480,-0.05000
0.410,0.490,-0.05000
0.410,0.500,0.05000
0.410,0.510,0.05000
0.410,0.520,-0.05000
0.410,0.530,-0.05000
0.410,0.540,-0.05000
0.410,0.550,-0.05000
0.410,0.560,-0.05000
0.410,0.570,-0.05000
0.410,0.580,-0.05000
0.410,0.590,-0.05000
0.410,0.600,-0.05000
0.410,0.610,-0.05000
0.410,0.620,-0.05000
0.410,0.630,-0.05000
0.410,0.640,-0.05000
0.410,0.650,-0.05000
0.410,0.660,-0.05000
0.410,0.670,-0.05000
0.410,0.680,-0.05000
0.410,0.690,-0.05000
0.410,0.700,-0.05000
0.420,0.250,1.00000
0.420,0.260,1.00000
0.420,0.270,1.00000
0.420,0.280,1.00000
0.420,0.290,0.88235
0.420,0.300,1.00000
0.420,0.310,0.68421
0.420,0.320,0.65000
0.420,0.330,0.25000
0.420,0.340,0.30000
0.420,0.350,0.15000
0.420,0.360,-0.05000
0.420,0.370,-0.05000
0.420,0.380,0.15000
0.420,0.390,0.25000
0.420,0.400,0.15000
0.420,0.410,0.35000
0.420,0.420,0.25000
0.420,0.430,0.40000
0.420,0.440,0.25000
0.420,0.450,0.05000
0.420,0.460,0.20000
0.420,0.470,0.15000
0.420,0.480,0.10000
0.420,0.490,0.05000
0.420,0.500,0.05000
0.420,0.510,-0.05000
0.420,0.520,-0.05000
0.420,0.530,-0.05000
0.420,0.540,-0.05000
0.420,0.550,-0.05000
0.420,0.560,-0.05000
0.420,0.570,-0.05000
0.420,0.580,-0.05000
0.420,0.590,-0.05000
0.420,0.600,-0.05000
0.420,0.610,-0.05000
0.420,0.620,-0.05000
0.420,0.630,-0.05000
0.420,0.640,-0.05000
0.420,0.650,-0.05000
0.420,0.660,-0.05000
0.420,0.670,-0.05000
0.420,0.680,-0.05000
0.420,0.690,-0.05000
0.420,0.700,-0.05000
0.430,0.250,1.00000
0.430,0.260,1.00000
0.430,0.270,1.00000
0.430,0.280,0.94444
0.430,0.290,0.81250
0.430,0.300,0.85000
0.430,0.310,0.35000
0.430,0.320,0.30000
0.430,0.330,0.25000
0.430,0.340,0.20000
0.430,0.350,0.15000
0.430,0.360,-0.05000
0.430,0.370,0.15000
0.430,0.380,-0.05000
0.430,0.390,0.15000
0.430,0.400,0.10000
0.430,0.410,0.20000
0.430,0.420,0.15000
0.430,0.430,0.20000
0.430,0.440,0.25000
0.430,0.450,0.10000
0.430,0.460,-0.05000
0.430,0.470,0.10000
0.430,0.480,-0.05000
0.430,0.490,-0.05000
0.430,0.500,-0.05000
0.430,0.510,-0.05000
0.430,0.520,-0.05000
0.430,0.530,-0.05000
0.430,0.540,-0.05000
0.430,0.550,-0.05000
0.430,0.560,-0.05000
0.430,0.570,-0.05000
0.430,0.580,-0.05000
0.430,0.590,-0.05000
0.430,0.600,-0.05000
0.430,0.610,-0.05000
0.430,0.620,-0.05000
0.430,0.630,-0.05000
0.430,0.640,-0.05000
0.430,0.650,-0.05000
0.430,0.660,-0.05000
0.430,0.670,-0.05000
0.430,0.680,-0.05000
0.430,0.690,-0.05000
0.430,0.700,-0.05000
0.440,0.250,1.00000
0.440,0.260,1.00000
0.440,0.270,1.00000
0.440,0.280,0.87500
0.440,0.290,0.94737
0.440,0.300,0.77778
0.440,0.310,0.65000
0.440,0.320,0.60000
0.440,0.330,0.15000
0.440,0.340,0.15000
0.440,0.350,0.05000
0.440,0.360,-0.05000
0.440,0.370,-0.05000
0.440,0.380,0.15000
0.440,0.390,0.10000
0.440,0.400,0.05000
0.440,0.410,0.15000
0.440,0.420,0.20000
0.440,0.430,0.15000
0.440,0.440,0.10000
0.440,0.450,0.10000
0.440,0.460,-0.05000
0.440,0.470,0.05000
0.440,0.480,0.05000
0.440,0.490,0.05000
0.440,0.500,-0.05000
0.440,0.510,-0.05000
0.440,0.520,-0.05000
0.440,0.530,-0.05000
0.440,0.540,-0.05000
0.440,0.550,-0.05000
0.440,0.560,-0.05000
0.440,0.570,-0.05000
0.440,0.580,-0.05000
0.440,0.590,-0.05000
0.440,0.600,-0.05000
0.440,0.610,-0.05000
0.440,0.620,-0.05000
0.440,0.630,-0.05000
0.440,0.640,-0.05000
0.440,0.650,-0.05000
0.440,0.660,-0.05000
0.440,0.670,-0.05000
0.440,0.680,-0.05000
0.440,0.690,-0.05000
0.440,0.700,-0.05000
0.450,0.250,1.00000
0.450,0.260,1.00000
0.450,0.270,1.00000
0.450,0.280,0.87500
0.450,0.290,0.57895
0.450,0.300,0.68750
0.450,0.310,0.35000
0.450,0.320,0.25000
0.450,0.330,0.10000
0.450,0.340,0.10000
0.450,0.350,0.05000
0.450,0.360,-0.05000
0.450,0.370,0.05000
0.450,0.380,0.05000
0.450,0.390,0.05000
0.450,0.400,0.05000
0.450,0.410,0.05000
0.450,0.420,-0.05000
0.450,0.430,-0.05000
0.450,0.440,0.05000
0.450,0.450,0.05000
0.450,0.460,-0.05000
0.450,0.470,-0.05000
0.450,0.480,-0.05000
0.450,0.490,-0.05000
0.450,0.500,-0.05000
0.450,0.510,-0.05000
0.450,0.520,-0.05000
0.450,0.530,-0.05000
0.450,0.540,-0.05000
0.450,0.550,-0.05000
0.450,0.560,-0.05000
0.450,0.570,-0.05000
0.450,0.580,-0.05000
0.450,0.590,-0.05000
0.450,0.600,-0.05000
0.450,0.610,-0.05000
0.450,0.620,-0.05000
0.450,0.630,-0.05000
0.450,0.640,-0.05000
0.450,0.650,-0.05000
0.450,0.660,-0.05000
0.450,0.670,-0.05000
0.450,0.680,-0.05000
0.450,0.690,-0.05000
0.450,0.700,-0.05000
0.460,0.250,1.00000
0.460,0.260,0.94444
0.460,0.270,1.00000
0.460,0.280,0.95000
0.460,0.290,0.66667
0.460,0.300,0.73684
0.460,0.310,0.40000
0.460,0.320,0.45000
0.460,0.330,0.35000
0.460,0.340,0.15000
0.460,0.350,0.10000
0.460,0.360,0.05000
0.460,0.370,-0.05000
0.460,0.380,-0.05000
0.460,0.390,-0.05000
0.460,0.400,-0.05000
0.460,0.410,-0.05000
0.460,0.420,-0.05000
0.460,0.430,-0.05000
0.460,0.440,-0.05000
0.460,0.450,0.05000
0.460,0.460,-0.05000
0.460,0.470,-0.05000
0.460,0.480,-0.05000
0.460,0.490,-0.05000
0.460,0.500,-0.05000
0.460,0.510,-0.05000
0.460,0.520,-0.05000
0.460,0.530,-0.05000
0.460,0.540,-0.05000
0.460,0.550,-0.05000
0.460,0.560,-0.05000
0.460,0.570,-0.05000
0.460,0.580,-0.05000
0.460,0.590,-0.05000
0.460,0.600,-0.05000
0.460,0.610,-0.05000
0.460,0.620,-0.05000
0.460,0.630,-0.05000
0.460,0.640,-0.05000
0.460,0.650,-0.05000
0.460,0.660,-0.05000
0.460,0.670,-0.05000
0.460,0.680,-0.05000
0.460,0.690,-0.05000
0.460,0.700,-0.05000
0.470,0.250,1.00000
0.470,0.260,0.92308
0.470,0.270,1.00000
0.470,0.280,0.85000
0.470,0.290,0.68421
0.470,0.300,0.50000
0.470,0.310,0.30000
0.470,0.320,0.35000
0.470,0.330,0.25000
0.470,0.340,0.10000
0.470,0.350,0.05000
0.470,0.360,-0.05000
0.470,0.370,-0.05000
0.470,0.380,-0.05000
0.470,0.390,-0.05000
0.470,0.400,-0.05000
0.470,0.410,-0.05000
0.470,0.420,-0.05000
0.470,0.430,-0.05000
0.470,0.440,-0.05000
0.470,0.450,-0.05000
0.470,0.460,-0.05000
0.470,0.470,-0.05000
0.470,0.480,-0.05000
0.470,0.490,-0.05000
0.470,0.500,-0.05000
0.470,0.510,-0.05000
0.470,0.520,-0.05000
0.470,0.530,-0.05000
0.470,0.540,-0.05000
0.470,0.550,-0.05000
0.470,0.560,-0.05000
0.470,0.570,-0.05000
0.470,0.580,-0.05000
0.470,0.590,-0.05000
0.470,0.600,-0.05000
0.470,0.610,-0.05000
0.470,0.620,-0.05000
0.470,0.630,-0.05000
0.470,0.640,-0.05000
0.470,0.650,-0.05000
0.470,0.660,-0.05000
0.470,0.670,-0.05000
0.470,0.680,-0.05000
0.470,0.690,-0.05000
0.470,0.700,-0.05000
0.480,0.250,1.00000
0.480,0.260,0.88889
0.480,0.270,0.81250
0.480,0.280,0.93750
0.480,0.290,0.52941
0.480,0.300,0.42105
0.480,0.310,0.21053
0.480,0.320,0.20000
0.480,0.330,0.15000
0.480,0.340,-0.05000
0.480,0.350,0.05000
0.480,0.360,0.05000
0.480,0.370,-0.05000
0.480,0.380,-0.05000
0.480,0.390,-0.05000
0.480,0.400,-0.05000
0.480,0.410,-0.05000
0.480,0.420,-0.05000
0.480,0.430,-0.05000
0.480,0.440,-0.05000
0.480,0.450,-0.05000
0.480,0.460,-0.05000
0.480,0.470,-0.05000
0.480,0.480,-0.05000
0.480,0.490,-0.05000
0.480,0.500,-0.05000
0.480,0.510,-0.05000
0.480,0.520,-0.05000
0.480,0.530,-0.05000
0.480,0.540,-0.05000
0.480,0.550,-0.05000
0.480,0.560,-0.05000
0.480,0.570,-0.05000
0.480,0.580,-0.05000
0.480,0.590,-0.05000
0.480,0.600,-0.05000
0.480,0.610,-0.05000
0.480,0.620,-0.05000
0.480,0.630,-0.05000
0.480,0.640,-0.05000
0.480,0.650,-0.05000
0.480,0.660,-0.05000
0.480,0.670,-0.05000
0.480,0.680,-0.05000
0.480,0.690,-0.05000
0.480,0.700,-0.05000
0.490,0.250,1.00000
0.490,0.260,0.76471
0.490,0.270,0.88889
0.490,0.280,0.77778
0.490,0.290,0.66667
0.490,0.300,0.50000
0.490,0.310,0.25000
0.490,0.320,0.25000
0.490,0.330,0.30000
0.490,0.340,0.05000
0.490,0.350,0.05000
0.490,0.360,0.05000
0.490,0.370,-0.05000
0.490,0.380,-0.05000
0.490,0.390,-0.05000
0.490,0.400,-0.05000
0.490,0.410,-0.05000
0.490,0.420,-0.05000
0.490,0.430,-0.05000
0.490,0.440,-0.05000
0.490,0.450,-0.05000
0.490,0.460,-0.05000
0.490,0.470,-0.05000
0.490,0.480,-0.05000
0.490,0.490,-0.05000
0.490,0.500,-0.05000
0.490,0.510,-0.05000
0.490,0.520,-0.05000
0.490,0.530,-0.05000
0.490,0.540,-0.05000
0.490,0.550,-0.05000
0.490,0.560,-0.05000
0.490,0.570,-0.05000
0.490,0.580,-0.05000
0.490,0.590,-0.05000
0.490,0.600,-0.05000
0.490,0.610,-0.05000
0.490,0.620,-0.05000
0.490,0.630,-0.05000
0.490,0.640,-0.05000
0.490,0.650,-0.05000
0.490,0.660,-0.05000
0.490,0.670,-0.05000
0.490,0.680,-0.05000
0.490,0.690,-0.05000
0.490,0.700,-0.05000
0.500,0.250,1.00000
0.500,0.260,0.88889
0.500,0.270,0.73684
0.500,0.280,0.72222
0.500,0.290,0.80000
0.500,0.300,0.52632
0.500,0.310,0.50000
0.500,0.320,0.15000
0.500,0.330,0.30000
0.500,0.340,0.15000
0.500,0.350,-0.05000
0.500,0.360,-0.05000
0.500,0.370,-0.05000
0.500,0.380,-0.05000
0.500,0.390,-0.05000
0.500,0.400,-0.05000
0.500,0.410,-0.05000
0.500,0.420,-0.05000
0.500,0.430,-0.05000
0.500,0.440,-0.05000
0.500,0.450,-0.05000
0.500,0.460,-0.05000
0.500,0.470,-0.05000
0.500,0.480,-0.05000
0.500,0.490,-0.05000
0.500,0.500,-0.05000
0.500,0.510,-0.05000
0.500,0.520,-0.05000
0.500,0.530,-0.05000
0.500,0.540,-0.05000
0.500,0.550,-0.05000
0.500,0.560,-0.05000
0.500,0.570,-0.05000
0.500,0.580,-0.05000
0.500,0.590,-0.05000
0.500,0.600,-0.05000
0.500,0.610,-0.05000
0.500,0.620,-0.05000
0.500,0.630,-0.05000
0.500,0.640,-0.05000
0.500,0.650,-0.05000
0.500,0.660,-0.05000
0.500,0.670,-0.05000
0.500,0.680,-0.05000
0.500,0.690,-0.05000
0.500,0.700,-0.05000
0.510,0.250,1.00000
0.510,0.260,1.00000
0.510,0.270,0.85714
0.510,0.280,0.62500
0.510,0.290,0.72222
0.510,0.300,0.38889
0.510,0.310,0.40000
0.510,0.320,0.15000
0.510,0.330,0.20000
0.510,0.340,0.20000
0.510,0.350,-0.05000
0.510,0.360,-0.05000
0.510,0.370,-0.05000
0.510,0.380,-0.05000
0.510,0.390,-0.05000
0.510,0.400,-0.05000
0.510,0.410,-0.05000
0.510,0.420,-0.05000
0.510,0.430,-0.05000
0.510,0.440,-0.05000
0.510,0.450,-0.05000
0.510,0.460,-0.05000
0.510,0.470,-0.05000
0.510,0.480,-0.05000
0.510,0.490,-0.05000
0.510,0.500,-0.05000
0.510,0.510,-0.05000
0.510,0.520,-0.05000
0.510,0.530,-0.05000
0.510,0.540,-0.05000
0.510,0.550,-0.05000
0.510,0.560,-0.05000
0.510,0.570,-0.05000
0.510,0.580,-0.05000
0.510,0.590,-0.05000
0.510,0.600,-0.05000
0.510,0.610,-0.05000
0.510,0.620,-0.05000
0.510,0.630,-0.05000
0.510,0.640,-0.05000
0.510,0.650,-0.05000
0.510,0.660,-0.05000
0.510,0.670,-0.05000
0.510,0.680,-0.05000
0.510,0.690,-0.05000
0.510,0.700,-0.05000
0.520,0.250,0.78571
0.520,0.260,0.85714
0.520,0.270,0.87500
0.520,0.280,0.43750
0.520,0.290,0.44444
0.520,0.300,0.25000
0.520,0.310,0.31579
0.520,0.320,0.20000
0.520,0.330,0.15000
0.520,0.340,0.10000
0.520,0.350,0.05000
0.520,0.360,-0.05000
0.520,0.370,-0.05000
0.520,0.380,-0.05000
0.520,0.390,-0.05000
0.520,0.400,-0.05000
0.520,0.410,-0.05000
0.520,0.420,-0.05000
0.520,0.430,-0.05000
0.520,0.440,-0.05000
0.520,0.450,-0.05000
0.520,0.460,-0.05000
0.520,0.470,-0.05000
0.520,0.480,-0.05000
0.520,0.490,-0.05000
0.520,0.500,-0.05000
0.520,0.510,-0.05000
0.520,0.520,-0.05000
0.520,0.530,-0.05000
0.520,0.540,-0.05000
0.520,0.550,-0.05000
0.520,0.560,-0.05000
0.520,0.570,-0.05000
0.520,0.580,-0.05000
0.520,0.590,-0.05000
0.520,0.600,-0.05000
0.520,0.610,-0.05000
0.520,0.620,-0.05000
0.520,0.630,-0.05000
0.520,0.640,-0.05000
0.520,0.650,-0.05000
0.520,0.660,-0.05000
0.520,0.670,-0.05000
0.520,0.680,-0.05000
0.520,0.690,-0.05000
0.520,0.700,-0.05000
0.530,0.250,1.00000
0.530,0.260,0.71429
0.530,0.270,0.64706
0.530,0.280,0.50000
0.530,0.290,0.47059
0.530,0.300,0.30000
0.530,0.310,0.25000
0.530,0.320,0.20000
0.530,0.330,0.05000
0.530,0.340,0.10000
0.530,0.350,0.10000
0.530,0.360,-0.05000
0.530,0.370,-0.05000
0.530,0.380,-0.05000
0.530,0.390,-0.05000
0.530,0.400,-0.05000
0.530,0.410,-0.05000
0.530,0.420,-0.05000
0.530,0.430,-0.05000
0.530,0.440,-0.05000
0.530,0.450,-0.05000
0.530,0.460,-0.05000
0.530,0.470,-0.05000
0.530,0.480,-0.05000
0.530,0.490,-0.05000
0.530,0.500,-0.05000
0.530,0.510,-0.05000
0.530,0.520,-0.05000
0.530,0.530,-0.05000
0.530,0.540,-0.05000
0.530,0.550,-0.05000
0.530,0.560,-0.05000
0.530,0.570,-0.05000
0.530,0.580,-0.05000
0.530,0.590,-0.05000
0.530,0.600,-0.05000
0.530,0.610,-0.05000
0.530,0.620,-0.05000
0.530,0.630,-0.05000
0.530,0.640,-0.05000
0.530,0.650,-0.05000
0.530,0.660,-0.05000
0.530,0.670,-0.05000
0.530,0.680,-0.05000
0.530,0.690,-0.05000
0.530,0.700,-0.05000
0.540,0.250,0.93333
0.540,0.260,0.78947
0.540,0.270,0.61111
0.540,0.280,0.47059
0.540,0.290,0.52632
0.540,0.300,0.42105
0.540,0.310,0.25000
0.540,0.320,0.10000
0.540,0.330,0.05000
0.540,0.340,0.10000
0.540,0.350,-0.05000
0.540,0.360,0.05000
0.540,0.370,-0.05000
0.540,0.380,-0.05000
0.540,0.390,-0.05000
0.540,0.400,-0.05000
0.540,0.410,-0.05000
0.540,0.420,-0.05000
0.540,0.430,-0.05000
0.540,0.440,-0.05000
0.540,0.450,-0.05000
0.540,0.460,-0.05000
0.540,0.470,-0.05000
0.540,0.480,-0.05000
0.540,0.490,-0.05000
0.540,0.500,-0.05000
0.540,0.510,-0.05000
0.540,0.520,-0.05000
0.540,0.530,-0.05000
0.540,0.540,-0.05000
0.540,0.550,-0.05000
0.540,0.560,-0.05000
0.540,0.570,-0.05000
0.540,0.580,-0.05000
0.540,0.590,-0.05000
0.540,0.600,-0.05000
0.540,0.610,-0.05000
0.540,0.620,-0.05000
0.540,0.630,-0.05000
0.540,0.640,-0.05000
0.540,0.650,-0.05000
0.540,0.660,-0.05000
0.540,0.670,-0.05000
0.540,0.680,-0.05000
0.540,0.690,-0.05000
0.540,0.700,-0.05000
0.550,0.250,1.00000
0.550,0.260,0.73333
0.550,0.270,0.53333
0.550,0.280,0.43750
0.550,0.290,0.36842
0.550,0.300,0.33333
0.550,0.310,0.22222
0.550,0.320,0.10000
0.550,0.330,0.05000
0.550,0.340,0.05000
0.550,0.350,-0.05000
0.550,0.360,-0.05000
0.550,0.370,-0.05000
0.550,0.380,-0.05000
0.550,0.390,-0.05000
0.550,0.400,-0.05000
0.550,0.410,-0.05000
0.550,0.420,-0.05000
0.550,0.430,-0.05000
0.550,0.440,-0.05000
0.550,0.450,-0.05000
0.550,0.460,-0.05000
0.550,0.470,-0.05000
0.550,0.480,-0.05000
0.550,0.490,-0.05000
0.550,0.500,-0.05000
0.550,0.510,-0.05000
0.550,0.520,-0.05000
0.550,0.530,-0.05000
0.550,0.540,-0.05000
0.550,0.550,-0.05000
0.550,0.560,-0.05000
0.550,0.570,-0.05000
0.550,0.580,-0.05000
0.550,0.590,-0.05000
0.550,0.600,-0.05000
0.550,0.610,-0.05000
0.550,0.620,-0.05000
0.550,0.630,-0.05000
0.550,0.640,-0.05000
0.550,0.650,-0.05000
0.550,0.660,-0.05000
0.550,0.670,-0.05000
0.550,0.680,-0.05000
0.550,0.690,-0.05000
0.550,0.700,-0.05000
0.560,0.250,0.80000
0.560,0.260,0.64286
0.560,0.270,0.47368
0.560,0.280,0.21053
0.560,0.290,0.29412
0.560,0.300,0.15789
0.560,0.310,0.05263
0.560,0.320,0.05000
0.560,0.330,-0.05000
0.560,0.340,-0.05000
0.560,0.350,-0.05000
0.560,0.360,-0.05000
0.560,0.370,-0.05000
0.560,0.380,-0.05000
0.560,0.390,-0.05000
0.560,0.400,-0.05000
0.560,0.410,-0.05000
0.560,0.420,-0.05000
0.560,0.430,-0.05000
0.560,0.440,-0.05000
0.560,0.450,-0.05000
0.560,0.460,-0.05000
0.560,0.470,-0.05000
0.560,0.480,-0.05000
0.560,0.490,-0.05000
0.560,0.500,-0.05000
0.560,0.510,-0.05000
0.560,0.520,-0.05000
0.560,0.530,-0.05000
0.560,0.540,-0.05000
0.560,0.550,-0.05000
0.560,0.560,-0.05000
0.560,0.570,-0.05000
0.560,0.580,-0.05000
0.560,0.590,-0.05000
0.560,0.600,-0.05000
0.560,0.610,-0.05000
0.560,0.620,-0.05000
0.560,0.630,-0.05000
0.560,0.640,-0.05000
0.560,0.650,-0.05000
0.560,0.660,-0.05000
0.560,0.670,-0.05000
0.560,0.680,-0.05000
0.560,0.690,-0.05000
0.560,0.700,-0.05000
0.570,0.250,0.66667
0.570,0.260,0.42857
0.570,0.270,0.38889
0.570,0.280,0.38889
0.570,0.290,0.21053
0.570,0.300,0.10000
0.570,0.310,0.10000
0.570,0.320,0.05000
0.570,0.330,-0.05000
0.570,0.340,-0.05000
0.570,0.350,-0.05000
0.570,0.360,-0.05000
0.570,0.370,-0.05000
0.570,0.380,-0.05000
0.570,0.390,-0.05000
0.570,0.400,-0.05000
0.570,0.410,-0.05000
0.570,0.420,-0.05000
0.570,0.430,-0.05000
0.570,0.440,-0.05000
0.570,0.450,-0.05000
0.570,0.460,-0.05000
0.570,0.470,-0.05000
0.570,0.480,-0.05000
0.570,0.490,-0.05000
0.570,0.500,-0.05000
0.570,0.510,-0.05000
0.570,0.520,-0.05000
0.570,0.530,-0.05000
0.570,0.540,-0.05000
0.570,0.550,-0.05000
0.570,0.560,-0.05000
0.570,0.570,-0.05000
0.570,0.580,-0.05000
0.570,0.590,-0.05000
0.570,0.600,-0.05000
0.570,0.610,-0.05000
0.570,0.620,-0.05000
0.570,0.630,-0.05000
0.570,0.640,-0.05000
0.570,0.650,-0.05000
0.570,0.660,-0.05000
0.570,0.670,-0.05000
0.570,0.680,-0.05000
0.570,0.690,-0.05000
0.570,0.700,-0.05000
0.580,0.250,0.75000
0.580,0.260,0.43750
0.580,0.270,0.35294
0.580,0.280,0.23077
0.580,0.290,0.11765
0.580,0.300,-0.05556
0.580,0.310,0.05000
0.580,0.320,-0.05000
0.580,0.330,-0.05000
0.580,0.340,-0.05000
0.580,0.350,-0.05000
0.580,0.360,-0.05000
0.580,0.370,-0.05000
0.580,0.380,-0.05000
0.580,0.390,-0.05000
0.580,0.400,-0.05000
0.580,0.410,-0.05000
0.580,0.420,-0.05000
0.580,0.430,-0.05000
0.580,0.440,-0.05000
0.580,0.450,-0.05000
0.580,0.460,-0.05000
0.580,0.470,-0.05000
0.580,0.480,-0.05000
0.580,0.490,-0.05000
0.580,0.500,-0.05000
0.580,0.510,-0.05000
0.580,0.520,-0.05000
0.580,0.530,-0.05000
0.580,0.540,-0.05000
0.580,0.550,-0.05000
0.580,0.560,-0.05000
0.580,0.570,-0.05000
0.580,0.580,-0.05000
0.580,0.590,-0.05000
0.580,0.600,-0.05000
0.580,0.610,-0.05000
0.580,0.620,-0.05000
0.580,0.630,-0.05000
0.580,0.640,-0.05000
0.580,0.650,-0.05000
0.580,0.660,-0.05000
0.580,0.670,-0.05000
0.580,0.680,-0.05000
0.580,0.690,-0.05000
0.580,0.700,-0.05000
0.590,0.250,0.66667
0.590,0.260,0.37500
0.590,0.270,0.31250
0.590,0.280,0.13333
0.590,0.290,0.11765
0.590,0.300,-0.05000
0.590,0.310,-0.05000
0.590,0.320,-0.05000
0.590,0.330,-0.05000
0.590,0.340,-0.05000
0.590,0.350,-0.05000
0.590,0.360,-0.05000
0.590,0.370,-0.05000
0.590,0.380,-0.05000
0.590,0.390,-0.05000
0.590,0.400,-0.05000
0.590,0.410,-0.05000
0.590,0.420,-0.05000
0.590,0.430,-0.05000
0.590,0.440,-0.05000
0.590,0.450,-0.05000
0.590,0.460,-0.05000
0.590,0.470,-0.05000
0.590,0.480,-0.05000
0.590,0.490,-0.05000
0.590,0.500,-0.05000
0.590,0.510,-0.05000
0.590,0.520,-0.05000
0.590,0.530,-0.05000
0.590,0.540,-0.05000
0.590,0.550,-0.05000
0.590,0.560,-0.05000
0.590,0.570,-0.05000
0.590,0.580,-0.05000
0.590,0.590,-0.05000
0.590,0.600,-0.05000
0.590,0.610,-0.05000
0.590,0.620,-0.05000
0.590,0.630,-0.05000
0.590,0.640,-0.05000
0.590,0.650,-0.05000
0.590,0.660,-0.05000
0.590,0.670,-0.05000
0.590,0.680,-0.05000
0.590,0.690,-0.05000
0.590,0.700,-0.05000
0.600,0.250,0.53333
0.600,0.260,0.13333
0.600,0.270,0.18750
0.600,0.280,-0.05556
0.600,0.290,-0.05556
0.600,0.300,-0.05882
0.600,0.310,-0.05000
0.600,0.320,-0.05000
0.600,0.330,-0.05000
0.600,0.340,-0.05000
0.600,0.350,-0.05000
0.600,0.360,-0.05000
0.600,0.370,-0.05000
0.600,0.380,-0.05000
0.600,0.390,-0.05000
0.600,0.400,-0.05000
0.600,0.410,-0.05000
0.600,0.420,-0.05000
0.600,0.430,-0.05000
0.600,0.440,-0.05000
0.600,0.450,-0.05000
0.600,0.460,-0.05000
0.600,0.470,-0.05000
0.600,0.480,-0.05000
0.600,0.490,-0.05000
0.600,0.500,-0.05000
0.600,0.510,-0.05000
0.600,0.520,-0.05000
0.600,0.530,-0.05000
0.600,0.540,-0.05000
0.600,0.550,-0.05000
0.600,0.560,-0.05000
0.600,0.570,-0.05000
0.600,0.580,-0.05000
0.600,0.590,-0.05000
0.600,0.600,-0.05000
0.600,0.610,-0.05000
0.600,0.620,-0.05000
0.600,0.630,-0.05000
0.600,0.640,-0.05000
0.600,0.650,-0.05000
0.600,0.660,-0.05000
0.600,0.670,-0.05000
0.600,0.680,-0.05000
0.600,0.690,-0.05000
0.600,0.700,-0.05000
