#time,a_sat,e_sat,n_sat,n_p,Omega_p
0.00000e+00,5.14424e-02,9.62190e-04,1.54655e+03,1.04178e+01,1.10157e+04
1.00000e+02,5.14966e-02,8.38107e-04,1.54411e+03,1.04234e+01,1.10134e+04
2.00000e+02,5.15471e-02,8.97200e-04,1.54184e+03,1.04239e+01,1.10112e+04
3.00000e+02,5.15975e-02,8.49591e-04,1.53958e+03,1.04234e+01,1.10090e+04
4.00000e+02,5.16514e-02,8.37891e-04,1.53717e+03,1.04184e+01,1.10067e+04
5.00000e+02,5.17044e-02,8.22270e-04,1.53481e+03,1.04235e+01,1.10045e+04
6.00000e+02,5.17575e-02,9.72998e-04,1.53245e+03,1.04238e+01,1.10024e+04
7.00000e+02,5.18154e-02,9.02561e-04,1.52988e+03,1.04236e+01,1.10002e+04
8.00000e+02,5.18657e-02,8.01829e-04,1.52766e+03,1.04217e+01,1.09980e+04
9.00000e+02,5.19206e-02,9.10024e-04,1.52524e+03,1.04236e+01,1.09959e+04
1.00000e+03,5.19668e-02,7.64280e-04,1.52320e+03,1.04238e+01,1.09937e+04
2.00000e+03,5.24685e-02,9.81438e-04,1.50140e+03,1.04227e+01,1.09731e+04
3.00000e+03,5.29458e-02,9.64646e-04,1.48115e+03,1.04238e+01,1.09535e+04
4.00000e+03,5.34077e-02,1.04437e-03,1.46198e+03,1.04240e+01,1.09350e+04
5.00000e+03,5.38345e-02,7.64064e-04,1.44463e+03,1.04240e+01,1.09174e+04
6.00000e+03,5.42554e-02,8.58803e-04,1.42785e+03,1.04236e+01,1.09006e+04
7.00000e+03,5.46487e-02,8.21273e-04,1.41246e+03,1.04297e+01,1.08845e+04
8.00000e+03,5.50331e-02,1.18679e-03,1.39769e+03,1.04239e+01,1.08691e+04
9.00000e+03,5.54085e-02,1.14541e-03,1.38351e+03,1.04243e+01,1.08543e+04
1.00000e+04,5.57647e-02,9.89632e-04,1.37027e+03,1.04233e+01,1.08401e+04
1.10000e+04,5.61050e-02,1.18557e-03,1.35782e+03,1.04235e+01,1.08265e+04
1.20000e+04,5.64372e-02,1.28825e-03,1.34585e+03,1.04245e+01,1.08133e+04
1.30000e+04,5.67633e-02,1.14710e-03,1.33427e+03,1.04239e+01,1.08006e+04
1.40000e+04,5.70736e-02,1.29501e-03,1.32341e+03,1.04196e+01,1.07883e+04
1.50000e+04,5.73835e-02,1.10326e-03,1.31270e+03,1.04235e+01,1.07764e+04
1.60000e+04,5.76724e-02,1.32832e-03,1.30285e+03,1.04240e+01,1.07648e+04
1.70000e+04,5.79646e-02,1.30329e-03,1.29301e+03,1.04240e+01,1.07536e+04
1.80000e+04,5.82462e-02,1.09644e-03,1.28365e+03,1.04237e+01,1.07428e+04
1.90000e+04,5.85151e-02,1.27303e-03,1.27481e+03,1.04223e+01,1.07322e+04
2.00000e+04,5.87812e-02,1.32180e-03,1.26616e+03,1.04237e+01,1.07219e+04
2.10000e+04,5.90396e-02,1.29419e-03,1.25786e+03,1.04249e+01,1.07119e+04
2.20000e+04,5.92868e-02,1.39154e-03,1.25000e+03,1.04237e+01,1.07022e+04
2.30000e+04,5.95391e-02,1.19146e-03,1.24206e+03,1.04231e+01,1.06927e+04
2.40000e+04,5.97680e-02,1.56839e-03,1.23493e+03,1.04239e+01,1.06834e+04
2.50000e+04,6.00083e-02,1.17447e-03,1.22752e+03,1.04239e+01,1.06744e+04
2.60000e+04,6.02456e-02,1.31238e-03,1.22028e+03,1.04258e+01,1.06655e+04
2.70000e+04,6.04724e-02,1.16567e-03,1.21342e+03,1.04236e+01,1.06569e+04
2.80000e+04,6.06917e-02,1.33152e-03,1.20685e+03,1.04248e+01,1.06485e+04
2.90000e+04,6.08989e-02,1.19095e-03,1.20069e+03,1.04240e+01,1.06402e+04
3.00000e+04,6.11242e-02,1.38466e-03,1.19406e+03,1.04241e+01,1.06321e+04
3.10000e+04,6.13343e-02,1.41045e-03,1.18793e+03,1.04233e+01,1.06242e+04
3.20000e+04,6.15284e-02,1.16372e-03,1.18231e+03,1.04235e+01,1.06165e+04
3.30000e+04,6.17371e-02,1.42800e-03,1.17632e+03,1.04223e+01,1.06089e+04
3.40000e+04,6.19362e-02,1.36713e-03,1.17066e+03,1.04239e+01,1.06014e+04
3.50000e+04,6.21220e-02,1.26433e-03,1.16541e+03,1.04213e+01,1.05941e+04
3.60000e+04,6.23187e-02,1.30754e-03,1.15989e+03,1.04236e+01,1.05869e+04
3.70000e+04,6.24931e-02,1.18909e-03,1.15504e+03,1.04239e+01,1.05799e+04
3.80000e+04,6.26963e-02,1.61433e-03,1.14943e+03,1.04242e+01,1.05730e+04
3.90000e+04,6.28721e-02,1.47937e-03,1.14461e+03,1.04238e+01,1.05662e+04
4.00000e+04,6.30539e-02,1.48842e-03,1.13967e+03,1.04228e+01,1.05595e+04
4.10000e+04,6.32277e-02,1.49543e-03,1.13497e+03,1.04238e+01,1.05529e+04
4.20000e+04,6.34030e-02,1.72689e-03,1.13027e+03,1.04250e+01,1.05465e+04
4.30000e+04,6.35699e-02,1.38215e-03,1.12582e+03,1.04236e+01,1.05401e+04
4.40000e+04,6.37424e-02,1.54561e-03,1.12125e+03,1.04234e+01,1.05339e+04
4.50000e+04,6.38947e-02,1.37475e-03,1.11725e+03,1.04237e+01,1.05277e+04
4.60000e+04,6.40638e-02,1.77607e-03,1.11283e+03,1.04240e+01,1.05217e+04
4.70000e+04,6.42167e-02,1.54390e-03,1.10885e+03,1.04287e+01,1.05157e+04
4.80000e+04,6.43872e-02,1.47963e-03,1.10445e+03,1.04235e+01,1.05098e+04
4.90000e+04,6.45383e-02,1.46658e-03,1.10058e+03,1.04237e+01,1.05040e+04
5.00000e+04,6.47022e-02,1.53300e-03,1.09640e+03,1.04240e+01,1.04983e+04
5.10000e+04,6.48485e-02,1.48012e-03,1.09269e+03,1.04241e+01,1.04927e+04
5.20000e+04,6.49947e-02,1.70474e-03,1.08900e+03,1.04231e+01,1.04872e+04
5.30000e+04,6.51532e-02,1.72963e-03,1.08503e+03,1.04235e+01,1.04817e+04
5.40000e+04,6.53007e-02,1.69582e-03,1.08136e+03,1.04169e+01,1.04763e+04
5.50000e+04,6.54454e-02,1.72030e-03,1.07777e+03,1.04238e+01,1.04710e+04
5.60000e+04,6.55803e-02,1.97112e-03,1.07445e+03,1.04231e+01,1.04657e+04
5.70000e+04,6.57275e-02,1.87338e-03,1.07084e+03,1.04235e+01,1.04606e+04
5.80000e+04,6.58670e-02,1.62436e-03,1.06744e+03,1.04238e+01,1.04555e+04
5.90000e+04,6.60057e-02,1.65976e-03,1.06408e+03,1.04246e+01,1.04504e+04
6.00000e+04,6.61457e-02,1.90672e-03,1.06070e+03,1.04237e+01,1.04454e+04
6.10000e+04,6.62669e-02,2.07976e-03,1.05779e+03,1.04303e+01,1.04405e+04
6.20000e+04,6.64156e-02,1.86664e-03,1.05424e+03,1.04238e+01,1.04357e+04
6.30000e+04,6.65339e-02,1.84805e-03,1.05143e+03,1.04246e+01,1.04309e+04
6.40000e+04,6.66617e-02,1.52423e-03,1.04841e+03,1.04237e+01,1.04261e+04
6.50000e+04,6.67900e-02,1.84584e-03,1.04539e+03,1.04234e+01,1.04214e+04
6.60000e+04,6.69189e-02,1.78373e-03,1.04237e+03,1.04236e+01,1.04168e+04
6.70000e+04,6.70427e-02,1.60893e-03,1.03949e+03,1.04239e+01,1.04122e+04
6.80000e+04,6.71779e-02,1.72388e-03,1.03635e+03,1.04194e+01,1.04077e+04
6.90000e+04,6.72981e-02,1.76284e-03,1.03357e+03,1.04236e+01,1.04032e+04
7.00000e+04,6.74320e-02,1.78224e-03,1.03050e+03,1.04233e+01,1.03988e+04
7.10000e+04,6.75479e-02,1.92181e-03,1.02785e+03,1.04241e+01,1.03944e+04
7.20000e+04,6.76716e-02,2.13505e-03,1.02503e+03,1.04239e+01,1.03901e+04
7.30000e+04,6.77865e-02,1.91618e-03,1.02242e+03,1.04226e+01,1.03858e+04
7.40000e+04,6.78894e-02,1.65149e-03,1.02010e+03,1.04236e+01,1.03816e+04
7.50000e+04,6.80081e-02,2.19467e-03,1.01743e+03,1.04267e+01,1.03774e+04
7.60000e+04,6.81253e-02,1.94443e-03,1.01481e+03,1.04239e+01,1.03732e+04
7.70000e+04,6.82514e-02,1.79986e-03,1.01200e+03,1.04234e+01,1.03691e+04
7.80000e+04,6.83644e-02,1.94274e-03,1.00949e+03,1.04235e+01,1.03650e+04
7.90000e+04,6.84818e-02,2.18737e-03,1.00689e+03,1.04239e+01,1.03610e+04
8.00000e+04,6.85941e-02,2.08135e-03,1.00442e+03,1.04255e+01,1.03570e+04
8.10000e+04,6.86788e-02,1.60181e-03,1.00256e+03,1.04237e+01,1.03531e+04
8.20000e+04,6.87993e-02,2.28475e-03,9.99931e+02,1.04226e+01,1.03492e+04
8.30000e+04,6.89112e-02,2.12089e-03,9.97496e+02,1.04238e+01,1.03453e+04
8.40000e+04,6.90267e-02,1.96700e-03,9.94995e+02,1.04243e+01,1.03415e+04
8.50000e+04,6.91278e-02,2.14766e-03,9.92812e+02,1.04235e+01,1.03377e+04
8.60000e+04,6.92413e-02,2.06904e-03,9.90371e+02,1.04235e+01,1.03339e+04
8.70000e+04,6.93224e-02,1.71343e-03,9.88635e+02,1.04222e+01,1.03302e+04
8.80000e+04,6.94431e-02,1.94186e-03,9.86057e+02,1.04239e+01,1.03265e+04
8.90000e+04,6.95343e-02,2.31571e-03,9.84119e+02,1.04223e+01,1.03228e+04
9.00000e+04,6.96412e-02,1.86502e-03,9.81853e+02,1.04235e+01,1.03192e+04
9.10000e+04,6.97519e-02,2.25100e-03,9.79516e+02,1.04236e+01,1.03156e+04
9.20000e+04,6.98324e-02,1.89581e-03,9.77824e+02,1.04242e+01,1.03120e+04
9.30000e+04,6.99470e-02,2.23881e-03,9.75423e+02,1.04239e+01,1.03085e+04
9.40000e+04,7.00315e-02,1.63673e-03,9.73658e+02,1.04253e+01,1.03050e+04
9.50000e+04,7.01362e-02,1.85883e-03,9.71478e+02,1.04236e+01,1.03015e+04
9.60000e+04,7.02305e-02,1.84702e-03,9.69523e+02,1.04258e+01,1.02981e+04
9.70000e+04,7.03447e-02,2.10832e-03,9.67163e+02,1.04238e+01,1.02947e+04
9.80000e+04,7.04203e-02,1.83182e-03,9.65605e+02,1.04234e+01,1.02913e+04
9.90000e+04,7.05121e-02,2.13296e-03,9.63720e+02,1.04235e+01,1.02879e+04
1.00000e+05,7.06336e-02,2.41570e-03,9.61234e+02,1.04238e+01,1.02846e+04
1.01000e+05,7.07005e-02,2.55069e-03,9.59869e+02,1.04250e+01,1.02813e+04
1.02000e+05,7.08086e-02,2.17725e-03,9.57673e+02,1.04237e+01,1.02780e+04
1.03000e+05,7.09095e-02,2.06760e-03,9.55629e+02,1.04226e+01,1.02748e+04
1.04000e+05,7.09827e-02,1.83243e-03,9.54152e+02,1.04239e+01,1.02715e+04
1.05000e+05,7.10801e-02,2.15358e-03,9.52192e+02,1.04241e+01,1.02683e+04
1.06000e+05,7.11657e-02,2.00154e-03,9.50474e+02,1.04237e+01,1.02652e+04
1.07000e+05,7.12580e-02,2.42969e-03,9.48627e+02,1.04235e+01,1.02620e+04
1.08000e+05,7.13395e-02,2.46835e-03,9.47002e+02,1.04187e+01,1.02589e+04
1.09000e+05,7.14272e-02,2.45216e-03,9.45259e+02,1.04240e+01,1.02558e+04
1.10000e+05,7.15293e-02,2.34898e-03,9.43236e+02,1.04234e+01,1.02527e+04
1.11000e+05,7.16290e-02,2.29646e-03,9.41267e+02,1.04235e+01,1.02496e+04
1.12000e+05,7.16850e-02,2.64509e-03,9.40163e+02,1.04236e+01,1.02466e+04
1.13000e+05,7.17808e-02,2.04386e-03,9.38284e+02,1.04244e+01,1.02436e+04
1.14000e+05,7.18812e-02,2.41474e-03,9.36318e+02,1.04239e+01,1.02406e+04
1.15000e+05,7.19587e-02,2.21420e-03,9.34805e+02,1.04306e+01,1.02376e+04
1.16000e+05,7.20474e-02,2.01153e-03,9.33080e+02,1.04237e+01,1.02347e+04
1.17000e+05,7.21223e-02,2.49977e-03,9.31626e+02,1.04246e+01,1.02318e+04
1.18000e+05,7.22202e-02,2.27585e-03,9.29732e+02,1.04239e+01,1.02289e+04
1.19000e+05,7.22766e-02,2.30393e-03,9.28645e+02,1.04236e+01,1.02260e+04
1.20000e+05,7.23788e-02,2.50199e-03,9.26678e+02,1.04228e+01,1.02231e+04
1.21000e+05,7.24436e-02,2.59234e-03,9.25436e+02,1.04239e+01,1.02203e+04
1.22000e+05,7.25384e-02,2.49879e-03,9.23621e+02,1.04166e+01,1.02174e+04
1.23000e+05,7.25995e-02,2.70451e-03,9.22457e+02,1.04236e+01,1.02146e+04
1.24000e+05,7.27130e-02,2.28888e-03,9.20297e+02,1.04231e+01,1.02119e+04
1.25000e+05,7.27608e-02,2.65059e-03,9.19391e+02,1.04239e+01,1.02091e+04
1.26000e+05,7.28416e-02,2.60148e-03,9.17861e+02,1.04240e+01,1.02063e+04
1.27000e+05,7.29437e-02,2.19864e-03,9.15935e+02,1.04239e+01,1.02036e+04
1.28000e+05,7.30169e-02,2.35228e-03,9.14558e+02,1.04235e+01,1.02009e+04
1.29000e+05,7.30857e-02,2.58656e-03,9.13267e+02,1.04277e+01,1.01982e+04
1.30000e+05,7.31584e-02,1.98395e-03,9.11905e+02,1.04239e+01,1.01955e+04
1.31000e+05,7.32427e-02,2.60228e-03,9.10332e+02,1.04239e+01,1.01929e+04
1.32000e+05,7.33305e-02,2.34863e-03,9.08697e+02,1.04234e+01,1.01902e+04
1.33000e+05,7.34081e-02,2.17054e-03,9.07257e+02,1.04236e+01,1.01876e+04
1.34000e+05,7.34566e-02,2.68022e-03,9.06358e+02,1.04251e+01,1.01850e+04
1.35000e+05,7.35607e-02,2.21084e-03,9.04436e+02,1.04238e+01,1.01824e+04
1.36000e+05,7.36344e-02,2.63515e-03,9.03077e+02,1.04219e+01,1.01798e+04
1.37000e+05,7.36799e-02,2.82881e-03,9.02241e+02,1.04236e+01,1.01772e+04
1.38000e+05,7.37540e-02,2.49374e-03,9.00881e+02,1.04240e+01,1.01747e+04
1.39000e+05,7.38432e-02,2.52076e-03,8.99250e+02,1.04240e+01,1.01722e+04
1.40000e+05,7.39152e-02,2.55563e-03,8.97936e+02,1.04235e+01,1.01696e+04
1.41000e+05,7.39976e-02,2.64703e-03,8.96437e+02,1.04218e+01,1.01671e+04
1.42000e+05,7.40425e-02,2.18553e-03,8.95622e+02,1.04239e+01,1.01647e+04
1.43000e+05,7.41462e-02,2.61213e-03,8.93743e+02,1.04238e+01,1.01622e+04
1.44000e+05,7.41997e-02,2.63888e-03,8.92776e+02,1.04236e+01,1.01597e+04
1.45000e+05,7.42663e-02,2.77073e-03,8.91576e+02,1.04232e+01,1.01573e+04
1.46000e+05,7.43545e-02,2.55643e-03,8.89991e+02,1.04240e+01,1.01549e+04
1.47000e+05,7.44218e-02,2.60157e-03,8.88783e+02,1.04240e+01,1.01524e+04
1.48000e+05,7.44967e-02,2.30318e-03,8.87444e+02,1.04254e+01,1.01500e+04
1.49000e+05,7.45405e-02,2.26820e-03,8.86661e+02,1.04235e+01,1.01477e+04
1.50000e+05,7.46065e-02,2.78867e-03,8.85485e+02,1.04252e+01,1.01453e+04
1.51000e+05,7.46936e-02,2.22671e-03,8.83937e+02,1.04240e+01,1.01429e+04
1.52000e+05,7.47487e-02,2.70294e-03,8.82959e+02,1.04239e+01,1.01406e+04
1.53000e+05,7.48392e-02,2.23439e-03,8.81358e+02,1.04232e+01,1.01382e+04
1.54000e+05,7.48817e-02,2.94540e-03,8.80607e+02,1.04237e+01,1.01359e+04
1.55000e+05,7.49482e-02,2.62524e-03,8.79436e+02,1.04238e+01,1.01336e+04
1.56000e+05,7.50446e-02,2.55377e-03,8.77742e+02,1.04239e+01,1.01313e+04
1.57000e+05,7.51099e-02,2.31476e-03,8.76597e+02,1.04220e+01,1.01290e+04
1.58000e+05,7.51692e-02,2.23066e-03,8.75561e+02,1.04236e+01,1.01268e+04
1.59000e+05,7.52230e-02,2.30853e-03,8.74621e+02,1.04240e+01,1.01245e+04
1.60000e+05,7.53092e-02,2.35735e-03,8.73119e+02,1.04240e+01,1.01223e+04
1.61000e+05,7.53746e-02,2.51423e-03,8.71985e+02,1.04236e+01,1.01200e+04
1.62000e+05,7.54061e-02,2.86887e-03,8.71438e+02,1.04218e+01,1.01178e+04
1.63000e+05,7.54845e-02,2.22601e-03,8.70081e+02,1.04239e+01,1.01156e+04
1.64000e+05,7.55504e-02,2.19723e-03,8.68943e+02,1.04247e+01,1.01134e+04
1.65000e+05,7.56213e-02,2.77477e-03,8.67721e+02,1.04235e+01,1.01112e+04
1.66000e+05,7.56847e-02,2.26130e-03,8.66630e+02,1.04234e+01,1.01090e+04
1.67000e+05,7.57588e-02,2.79285e-03,8.65360e+02,1.04241e+01,1.01069e+04
1.68000e+05,7.58043e-02,2.20270e-03,8.64581e+02,1.04239e+01,1.01047e+04
1.69000e+05,7.58870e-02,2.45482e-03,8.63167e+02,1.04275e+01,1.01026e+04
1.70000e+05,7.59206e-02,2.70839e-03,8.62594e+02,1.04235e+01,1.01005e+04
1.71000e+05,7.59901e-02,2.80562e-03,8.61411e+02,1.04241e+01,1.00983e+04
1.72000e+05,7.60441e-02,2.16820e-03,8.60495e+02,1.04240e+01,1.00962e+04
1.73000e+05,7.61046e-02,2.94136e-03,8.59468e+02,1.04238e+01,1.00941e+04
1.74000e+05,7.61653e-02,2.99748e-03,8.58441e+02,1.04230e+01,1.00920e+04
1.75000e+05,7.62475e-02,2.31132e-03,8.57053e+02,1.04236e+01,1.00900e+04
1.76000e+05,7.63046e-02,2.38711e-03,8.56092e+02,1.04168e+01,1.00879e+04
1.77000e+05,7.63774e-02,2.50350e-03,8.54868e+02,1.04238e+01,1.00858e+04
1.78000e+05,7.64087e-02,3.00662e-03,8.54342e+02,1.04229e+01,1.00838e+04
1.79000e+05,7.64720e-02,2.16448e-03,8.53281e+02,1.04237e+01,1.00817e+04
1.80000e+05,7.65599e-02,2.43599e-03,8.51812e+02,1.04239e+01,1.00797e+04
1.81000e+05,7.66212e-02,2.62735e-03,8.50790e+02,1.04247e+01,1.00777e+04
1.82000e+05,7.66532e-02,2.65734e-03,8.50259e+02,1.04236e+01,1.00757e+04
1.83000e+05,7.67257e-02,2.70252e-03,8.49052e+02,1.04305e+01,1.00737e+04
1.84000e+05,7.67660e-02,2.09524e-03,8.48385e+02,1.04239e+01,1.00717e+04
1.85000e+05,7.68231e-02,3.14509e-03,8.47439e+02,1.04242e+01,1.00697e+04
1.86000e+05,7.69101e-02,2.69617e-03,8.46002e+02,1.04235e+01,1.00677e+04
1.87000e+05,7.69755e-02,2.50159e-03,8.44924e+02,1.04235e+01,1.00658e+04
1.88000e+05,7.70245e-02,2.73633e-03,8.44117e+02,1.04235e+01,1.00638e+04
1.89000e+05,7.70672e-02,2.87083e-03,8.43416e+02,1.04240e+01,1.00619e+04
1.90000e+05,7.71187e-02,2.87048e-03,8.42572e+02,1.04191e+01,1.00599e+04
1.91000e+05,7.71918e-02,2.72284e-03,8.41374e+02,1.04235e+01,1.00580e+04
1.92000e+05,7.72264e-02,2.59541e-03,8.40809e+02,1.04238e+01,1.00561e+04
1.93000e+05,7.72961e-02,2.70684e-03,8.39673e+02,1.04241e+01,1.00542e+04
1.94000e+05,7.73730e-02,2.47714e-03,8.38421e+02,1.04238e+01,1.00523e+04
1.95000e+05,7.74023e-02,2.83866e-03,8.37945e+02,1.04222e+01,1.00504e+04
1.96000e+05,7.74788e-02,2.84505e-03,8.36704e+02,1.04237e+01,1.00485e+04
1.97000e+05,7.75426e-02,2.63856e-03,8.35672e+02,1.04249e+01,1.00466e+04
1.98000e+05,7.75735e-02,2.92805e-03,8.35173e+02,1.04238e+01,1.00448e+04
1.99000e+05,7.76480e-02,2.47262e-03,8.33971e+02,1.04234e+01,1.00429e+04
2.00000e+05,7.77058e-02,2.42909e-03,8.33039e+02,1.04235e+01,1.00411e+04
2.01000e+05,7.77594e-02,2.59220e-03,8.32178e+02,1.04239e+01,1.00392e+04
2.02000e+05,7.77940e-02,3.04902e-03,8.31624e+02,1.04262e+01,1.00374e+04
2.03000e+05,7.78403e-02,2.22412e-03,8.30882e+02,1.04235e+01,1.00355e+04
2.04000e+05,7.78889e-02,3.02611e-03,8.30105e+02,1.04250e+01,1.00337e+04
2.05000e+05,7.79583e-02,2.63255e-03,8.28997e+02,1.04239e+01,1.00319e+04
2.06000e+05,7.80008e-02,3.16748e-03,8.28318e+02,1.04242e+01,1.00301e+04
2.07000e+05,7.80683e-02,2.84775e-03,8.27246e+02,1.04234e+01,1.00283e+04
2.08000e+05,7.81071e-02,2.26683e-03,8.26629e+02,1.04235e+01,1.00265e+04
2.09000e+05,7.81637e-02,2.82907e-03,8.25730e+02,1.04221e+01,1.00247e+04
2.10000e+05,7.82103e-02,2.27388e-03,8.24993e+02,1.04239e+01,1.00230e+04
2.11000e+05,7.82738e-02,3.08111e-03,8.23989e+02,1.04225e+01,1.00212e+04
2.12000e+05,7.83297e-02,3.10321e-03,8.23107e+02,1.04235e+01,1.00194e+04
2.13000e+05,7.83964e-02,2.76308e-03,8.22057e+02,1.04236e+01,1.00177e+04
2.14000e+05,7.84510e-02,2.65370e-03,8.21199e+02,1.04243e+01,1.00159e+04
2.15000e+05,7.84745e-02,2.42875e-03,8.20830e+02,1.04237e+01,1.00142e+04
2.16000e+05,7.85213e-02,3.35373e-03,8.20097e+02,1.04225e+01,1.00125e+04
2.17000e+05,7.85926e-02,3.28554e-03,8.18980e+02,1.04238e+01,1.00108e+04
2.18000e+05,7.86651e-02,3.25890e-03,8.17849e+02,1.04252e+01,1.00090e+04
2.19000e+05,7.86870e-02,3.14938e-03,8.17507e+02,1.04238e+01,1.00073e+04
2.20000e+05,7.87332e-02,3.22106e-03,8.16788e+02,1.04234e+01,1.00056e+04
2.21000e+05,7.87813e-02,3.21895e-03,8.16040e+02,1.04235e+01,1.00039e+04
2.22000e+05,7.88433e-02,3.18098e-03,8.15078e+02,1.04239e+01,1.00022e+04
2.23000e+05,7.88981e-02,2.86717e-03,8.14228e+02,1.04266e+01,1.00006e+04
2.24000e+05,7.89455e-02,2.88468e-03,8.13495e+02,1.04236e+01,9.99888e+03
2.25000e+05,7.90156e-02,2.73257e-03,8.12413e+02,1.04229e+01,9.99721e+03
2.26000e+05,7.90413e-02,3.15468e-03,8.12017e+02,1.04240e+01,9.99554e+03
2.27000e+05,7.90873e-02,2.85803e-03,8.11308e+02,1.04241e+01,9.99388e+03
2.28000e+05,7.91298e-02,3.26755e-03,8.10654e+02,1.04232e+01,9.99223e+03
2.29000e+05,7.91985e-02,3.27506e-03,8.09600e+02,1.04236e+01,9.99059e+03
2.30000e+05,7.92313e-02,3.28669e-03,8.09097e+02,1.04198e+01,9.98895e+03
2.31000e+05,7.92908e-02,3.24619e-03,8.08187e+02,1.04239e+01,9.98732e+03
2.32000e+05,7.93524e-02,2.83649e-03,8.07246e+02,1.04235e+01,9.98569e+03
2.33000e+05,7.93769e-02,3.25795e-03,8.06873e+02,1.04234e+01,9.98407e+03
2.34000e+05,7.94362e-02,3.26574e-03,8.05969e+02,1.04238e+01,9.98246e+03
2.35000e+05,7.94689e-02,2.89476e-03,8.05472e+02,1.04247e+01,9.98085e+03
2.36000e+05,7.95589e-02,3.03720e-03,8.04105e+02,1.04238e+01,9.97925e+03
2.37000e+05,7.95722e-02,3.28028e-03,8.03904e+02,1.04301e+01,9.97766e+03
2.38000e+05,7.96256e-02,2.73853e-03,8.03095e+02,1.04237e+01,9.97607e+03
2.39000e+05,7.96952e-02,3.26267e-03,8.02043e+02,1.04246e+01,9.97448e+03
2.40000e+05,7.97197e-02,3.24549e-03,8.01674e+02,1.04237e+01,9.97290e+03
2.41000e+05,7.97538e-02,2.24137e-03,8.01160e+02,1.04235e+01,9.97133e+03
2.42000e+05,7.98320e-02,2.71776e-03,7.99983e+02,1.04231e+01,9.96977e+03
2.43000e+05,7.98479e-02,3.39794e-03,7.99744e+02,1.04239e+01,9.96820e+03
2.44000e+05,7.99094e-02,2.91876e-03,7.98821e+02,1.04174e+01,9.96665e+03
2.45000e+05,7.99468e-02,3.30452e-03,7.98261e+02,1.04235e+01,9.96510e+03
2.46000e+05,8.00266e-02,2.87168e-03,7.97066e+02,1.04232e+01,9.96356e+03
2.47000e+05,8.00540e-02,3.29772e-03,7.96657e+02,1.04241e+01,9.96202e+03
2.48000e+05,8.00777e-02,3.46213e-03,7.96304e+02,1.04240e+01,9.96048e+03
2.49000e+05,8.01307e-02,3.44030e-03,7.95514e+02,1.04235e+01,9.95896e+03
2.50000e+05,8.01896e-02,2.99252e-03,7.94637e+02,1.04236e+01,9.95743e+03
2.51000e+05,8.02387e-02,3.33051e-03,7.93909e+02,1.04282e+01,9.95592e+03
2.52000e+05,8.02814e-02,2.52450e-03,7.93275e+02,1.04239e+01,9.95441e+03
2.53000e+05,8.03179e-02,2.54372e-03,7.92735e+02,1.04236e+01,9.95290e+03
2.54000e+05,8.03534e-02,2.98323e-03,7.92208e+02,1.04234e+01,9.95140e+03
2.55000e+05,8.04281e-02,2.87828e-03,7.91106e+02,1.04237e+01,9.94990e+03
2.56000e+05,8.04608e-02,2.85090e-03,7.90623e+02,1.04253e+01,9.94841e+03
2.57000e+05,8.05285e-02,2.79410e-03,7.89627e+02,1.04237e+01,9.94693e+03
2.58000e+05,8.05711e-02,2.89360e-03,7.89000e+02,1.04227e+01,9.94545e+03
2.59000e+05,8.05807e-02,2.57708e-03,7.88860e+02,1.04238e+01,9.94397e+03
2.60000e+05,8.06662e-02,2.89063e-03,7.87605e+02,1.04242e+01,9.94250e+03
2.61000e+05,8.07100e-02,3.30792e-03,7.86964e+02,1.04238e+01,9.94104e+03
2.62000e+05,8.07126e-02,2.60592e-03,7.86927e+02,1.04236e+01,9.93958e+03
2.63000e+05,8.07590e-02,3.61550e-03,7.86249e+02,1.04208e+01,9.93812e+03
2.64000e+05,8.08404e-02,3.49360e-03,7.85061e+02,1.04239e+01,9.93667e+03
2.65000e+05,8.08751e-02,3.14206e-03,7.84556e+02,1.04226e+01,9.93522e+03
2.66000e+05,8.09314e-02,3.08029e-03,7.83737e+02,1.04235e+01,9.93378e+03
2.67000e+05,8.09524e-02,2.73960e-03,7.83432e+02,1.04234e+01,9.93235e+03
2.68000e+05,8.09757e-02,3.52545e-03,7.83095e+02,1.04241e+01,9.93092e+03
2.69000e+05,8.10301e-02,3.20484e-03,7.82306e+02,1.04240e+01,9.92949e+03
2.70000e+05,8.10653e-02,3.53725e-03,7.81797e+02,1.04251e+01,9.92807e+03
2.71000e+05,8.11270e-02,3.28665e-03,7.80905e+02,1.04236e+01,9.92665e+03
2.72000e+05,8.11444e-02,3.19981e-03,7.80654e+02,1.04255e+01,9.92524e+03
2.73000e+05,8.11867e-02,2.98013e-03,7.80043e+02,1.04239e+01,9.92383e+03
2.74000e+05,8.12309e-02,3.70887e-03,7.79408e+02,1.04238e+01,9.92242e+03
2.75000e+05,8.12778e-02,3.49346e-03,7.78733e+02,1.04231e+01,9.92103e+03
2.76000e+05,8.13418e-02,3.17700e-03,7.77813e+02,1.04237e+01,9.91963e+03
2.77000e+05,8.13707e-02,2.75324e-03,7.77399e+02,1.04246e+01,9.91824e+03
2.78000e+05,8.14058e-02,3.27481e-03,7.76897e+02,1.04237e+01,9.91686e+03
2.79000e+05,8.14870e-02,3.59882e-03,7.75735e+02,1.04225e+01,9.91547e+03
2.80000e+05,8.14897e-02,3.75074e-03,7.75697e+02,1.04238e+01,9.91410e+03
2.81000e+05,8.15550e-02,3.44028e-03,7.74766e+02,1.04241e+01,9.91273e+03
2.82000e+05,8.16060e-02,3.61024e-03,7.74039e+02,1.04239e+01,9.91136e+03
2.83000e+05,8.16139e-02,3.65206e-03,7.73927e+02,1.04235e+01,9.90999e+03
2.84000e+05,8.16777e-02,3.62012e-03,7.73020e+02,1.04199e+01,9.90863e+03
2.85000e+05,8.17418e-02,2.94254e-03,7.72111e+02,1.04239e+01,9.90728e+03
2.86000e+05,8.17348e-02,3.74854e-03,7.72211e+02,1.04243e+01,9.90593e+03
2.87000e+05,8.17782e-02,3.68529e-03,7.71596e+02,1.04235e+01,9.90458e+03
2.88000e+05,8.18397e-02,3.37924e-03,7.70726e+02,1.04234e+01,9.90324e+03
2.89000e+05,8.18980e-02,3.32011e-03,7.69904e+02,1.04245e+01,9.90190e+03
2.90000e+05,8.19417e-02,3.07793e-03,7.69288e+02,1.04239e+01,9.90056e+03
2.91000e+05,8.19359e-02,2.63376e-03,7.69370e+02,1.04299e+01,9.89923e+03
2.92000e+05,8.19735e-02,2.76066e-03,7.68840e+02,1.04236e+01,9.89791e+03
2.93000e+05,8.20169e-02,3.71314e-03,7.68230e+02,1.04241e+01,9.89658e+03
2.94000e+05,8.20746e-02,3.48596e-03,7.67419e+02,1.04240e+01,9.89527e+03
2.95000e+05,8.21098e-02,3.17972e-03,7.66926e+02,1.04237e+01,9.89395e+03
2.96000e+05,8.21666e-02,3.55740e-03,7.66131e+02,1.04227e+01,9.89264e+03
2.97000e+05,8.22060e-02,3.69429e-03,7.65581e+02,1.04238e+01,9.89134e+03
2.98000e+05,8.22674e-02,3.02200e-03,7.64724e+02,1.04183e+01,9.89003e+03
2.99000e+05,8.22615e-02,3.04337e-03,7.64805e+02,1.04237e+01,9.88873e+03
3.00000e+05,8.23323e-02,3.33328e-03,7.63819e+02,1.04228e+01,9.88744e+03
3.01000e+05,8.23717e-02,3.37282e-03,7.63271e+02,1.04238e+01,9.88615e+03
3.02000e+05,8.24140e-02,2.97315e-03,7.62684e+02,1.04240e+01,9.88486e+03
3.03000e+05,8.24136e-02,3.33591e-03,7.62690e+02,1.04240e+01,9.88358e+03
3.04000e+05,8.24506e-02,2.86802e-03,7.62177e+02,1.04236e+01,9.88230e+03
3.05000e+05,8.25448e-02,3.44512e-03,7.60872e+02,1.04290e+01,9.88102e+03
3.06000e+05,8.25361e-02,3.52618e-03,7.60992e+02,1.04239e+01,9.87975e+03
3.07000e+05,8.25873e-02,3.73844e-03,7.60285e+02,1.04242e+01,9.87848e+03
3.08000e+05,8.26251e-02,2.88056e-03,7.59763e+02,1.04233e+01,9.87722e+03
3.09000e+05,8.26881e-02,3.74674e-03,7.58894e+02,1.04236e+01,9.87595e+03
3.10000e+05,8.27085e-02,3.76323e-03,7.58614e+02,1.04246e+01,9.87470e+03
3.11000e+05,8.27506e-02,2.90576e-03,7.58036e+02,1.04239e+01,9.87344e+03
3.12000e+05,8.27909e-02,3.59313e-03,7.57482e+02,1.04197e+01,9.87219e+03
3.13000e+05,8.28120e-02,3.82082e-03,7.57192e+02,1.04236e+01,9.87095e+03
3.14000e+05,8.28730e-02,3.24618e-03,7.56357e+02,1.04240e+01,9.86970e+03
3.15000e+05,8.29191e-02,3.71352e-03,7.55726e+02,1.04240e+01,9.86846e+03
3.16000e+05,8.29697e-02,3.78375e-03,7.55034e+02,1.04237e+01,9.86723e+03
3.17000e+05,8.29977e-02,3.27412e-03,7.54653e+02,1.04220e+01,9.86599e+03
3.18000e+05,8.30381e-02,3.13474e-03,7.54102e+02,1.04237e+01,9.86477e+03
3.19000e+05,8.30743e-02,3.60594e-03,7.53608e+02,1.04250e+01,9.86354e+03
3.20000e+05,8.31101e-02,3.35526e-03,7.53122e+02,1.04236e+01,9.86232e+03
3.21000e+05,8.31088e-02,2.92843e-03,7.53140e+02,1.04232e+01,9.86110e+03
3.22000e+05,8.31806e-02,3.60487e-03,7.52164e+02,1.04239e+01,9.85988e+03
3.23000e+05,8.31996e-02,3.31074e-03,7.51907e+02,1.04240e+01,9.85867e+03
3.24000e+05,8.32273e-02,3.76625e-03,7.51532e+02,1.04263e+01,9.85746e+03
3.25000e+05,8.32566e-02,3.97271e-03,7.51135e+02,1.04235e+01,9.85626e+03
3.26000e+05,8.33379e-02,3.79907e-03,7.50036e+02,1.04246e+01,9.85505e+03
3.27000e+05,8.33292e-02,2.98448e-03,7.50154e+02,1.04240e+01,9.85385e+03
3.28000e+05,8.33854e-02,3.86314e-03,7.49396e+02,1.04240e+01,9.85266e+03
3.29000e+05,8.34447e-02,3.27479e-03,7.48597e+02,1.04233e+01,9.85147e+03
3.30000e+05,8.34604e-02,3.38267e-03,7.48386e+02,1.04235e+01,9.85028e+03
3.31000e+05,8.34861e-02,3.72761e-03,7.48040e+02,1.04216e+01,9.84909e+03
3.32000e+05,8.35450e-02,3.70093e-03,7.47249e+02,1.04239e+01,9.84791e+03
3.33000e+05,8.35532e-02,3.53574e-03,7.47139e+02,1.04217e+01,9.84673e+03
3.34000e+05,8.36356e-02,3.92567e-03,7.46035e+02,1.04237e+01,9.84555e+03
3.35000e+05,8.36649e-02,3.22993e-03,7.45643e+02,1.04239e+01,9.84438e+03
3.36000e+05,8.36556e-02,2.96403e-03,7.45768e+02,1.04243e+01,9.84321e+03
3.37000e+05,8.37007e-02,3.67000e-03,7.45165e+02,1.04237e+01,9.84204e+03
3.38000e+05,8.37314e-02,3.20408e-03,7.44756e+02,1.04235e+01,9.84088e+03
3.39000e+05,8.37673e-02,2.95780e-03,7.44277e+02,1.04238e+01,9.83972e+03
3.40000e+05,8.38270e-02,2.99499e-03,7.43482e+02,1.04248e+01,9.83856e+03
3.41000e+05,8.38835e-02,3.50394e-03,7.42731e+02,1.04236e+01,9.83740e+03
3.42000e+05,8.38712e-02,2.84967e-03,7.42894e+02,1.04234e+01,9.83625e+03
3.43000e+05,8.39312e-02,3.42323e-03,7.42098e+02,1.04237e+01,9.83510e+03
3.44000e+05,8.39511e-02,3.87544e-03,7.41834e+02,1.04240e+01,9.83396e+03
3.45000e+05,8.40052e-02,3.94373e-03,7.41117e+02,1.04284e+01,9.83281e+03
3.46000e+05,8.40098e-02,2.77791e-03,7.41057e+02,1.04235e+01,9.83167e+03
3.47000e+05,8.40992e-02,4.13666e-03,7.39875e+02,1.04237e+01,9.83054e+03
3.48000e+05,8.41370e-02,3.58435e-03,7.39376e+02,1.04240e+01,9.82940e+03
3.49000e+05,8.41373e-02,3.91631e-03,7.39373e+02,1.04240e+01,9.82827e+03
3.50000e+05,8.41819e-02,3.63598e-03,7.38785e+02,1.04229e+01,9.82714e+03
3.51000e+05,8.42122e-02,3.19956e-03,7.38386e+02,1.04236e+01,9.82602e+03
3.52000e+05,8.42608e-02,3.54609e-03,7.37748e+02,1.04172e+01,9.82490e+03
3.53000e+05,8.42541e-02,4.00520e-03,7.37835e+02,1.04238e+01,9.82378e+03
3.54000e+05,8.43007e-02,2.89224e-03,7.37224e+02,1.04231e+01,9.82266e+03
3.55000e+05,8.43762e-02,3.24266e-03,7.36235e+02,1.04235e+01,9.82155e+03
3.56000e+05,8.43975e-02,3.69147e-03,7.35955e+02,1.04238e+01,9.82044e+03
3.57000e+05,8.44416e-02,3.28053e-03,7.35379e+02,1.04247e+01,9.81933e+03
3.58000e+05,8.44539e-02,3.83223e-03,7.35218e+02,1.04236e+01,9.81822e+03
3.59000e+05,8.45017e-02,3.84632e-03,7.34594e+02,1.04297e+01,9.81712e+03
3.60000e+05,8.45187e-02,3.25397e-03,7.34373e+02,1.04238e+01,9.81602e+03
3.61000e+05,8.45814e-02,3.44266e-03,7.33557e+02,1.04245e+01,9.81492e+03
3.62000e+05,8.45860e-02,3.09277e-03,7.33497e+02,1.04236e+01,9.81383e+03
3.63000e+05,8.46445e-02,3.52612e-03,7.32737e+02,1.04234e+01,9.81274e+03
3.64000e+05,8.46480e-02,4.00655e-03,7.32691e+02,1.04237e+01,9.81165e+03
3.65000e+05,8.47037e-02,3.08147e-03,7.31969e+02,1.04239e+01,9.81056e+03
3.66000e+05,8.47535e-02,3.23310e-03,7.31324e+02,1.04194e+01,9.80948e+03
3.67000e+05,8.47273e-02,3.97709e-03,7.31663e+02,1.04236e+01,9.80839e+03
3.68000e+05,8.47992e-02,3.91056e-03,7.30733e+02,1.04234e+01,9.80732e+03
3.69000e+05,8.48016e-02,3.64637e-03,7.30702e+02,1.04241e+01,9.80624e+03
3.70000e+05,8.48818e-02,3.94439e-03,7.29666e+02,1.04239e+01,9.80517e+03
3.71000e+05,8.49028e-02,3.61862e-03,7.29396e+02,1.04225e+01,9.80410e+03
3.72000e+05,8.49113e-02,3.03742e-03,7.29286e+02,1.04236e+01,9.80303e+03
3.73000e+05,8.49827e-02,3.53767e-03,7.28368e+02,1.04268e+01,9.80196e+03
3.74000e+05,8.50152e-02,3.41243e-03,7.27950e+02,1.04239e+01,9.80090e+03
3.75000e+05,8.50403e-02,3.77672e-03,7.27627e+02,1.04234e+01,9.79984e+03
3.76000e+05,8.50782e-02,4.01318e-03,7.27142e+02,1.04235e+01,9.79878e+03
3.77000e+05,8.51175e-02,3.97675e-03,7.26637e+02,1.04239e+01,9.79773e+03
3.78000e+05,8.51423e-02,3.09748e-03,7.26321e+02,1.04258e+01,9.79667e+03
3.79000e+05,8.51839e-02,4.20311e-03,7.25788e+02,1.04237e+01,9.79562e+03
3.80000e+05,8.51841e-02,3.78710e-03,7.25786e+02,1.04224e+01,9.79457e+03
3.81000e+05,8.52433e-02,3.94118e-03,7.25029e+02,1.04238e+01,9.79353e+03
3.82000e+05,8.52605e-02,4.00229e-03,7.24810e+02,1.04243e+01,9.79249e+03
3.83000e+05,8.52865e-02,3.96011e-03,7.24478e+02,1.04234e+01,9.79145e+03
3.84000e+05,8.53329e-02,3.38502e-03,7.23888e+02,1.04235e+01,9.79041e+03
3.85000e+05,8.53519e-02,3.72002e-03,7.23647e+02,1.04217e+01,9.78937e+03
3.86000e+05,8.54078e-02,4.12234e-03,7.22936e+02,1.04239e+01,9.78834e+03
3.87000e+05,8.54387e-02,3.60671e-03,7.22544e+02,1.04226e+01,9.78731e+03
3.88000e+05,8.54241e-02,3.40240e-03,7.22729e+02,1.04235e+01,9.78628e+03
3.89000e+05,8.54505e-02,4.12195e-03,7.22394e+02,1.04236e+01,9.78525e+03
3.90000e+05,8.54915e-02,3.39492e-03,7.21875e+02,1.04243e+01,9.78423e+03
3.91000e+05,8.55390e-02,3.14926e-03,7.21274e+02,1.04239e+01,9.78321e+03
3.92000e+05,8.55624e-02,4.11535e-03,7.20978e+02,1.04263e+01,9.78219e+03
3.93000e+05,8.55971e-02,3.73283e-03,7.20539e+02,1.04236e+01,9.78117e+03
3.94000e+05,8.56163e-02,3.61614e-03,7.20297e+02,1.04255e+01,9.78016e+03
3.95000e+05,8.56820e-02,3.69875e-03,7.19469e+02,1.04238e+01,9.77915e+03
3.96000e+05,8.56835e-02,3.06642e-03,7.19449e+02,1.04234e+01,9.77814e+03
3.97000e+05,8.57117e-02,4.23635e-03,7.19095e+02,1.04235e+01,9.77713e+03
3.98000e+05,8.57420e-02,3.17280e-03,7.18713e+02,1.04238e+01,9.77613e+03
3.99000e+05,8.58222e-02,4.18264e-03,7.17706e+02,1.04240e+01,9.77512e+03
4.00000e+05,8.58087e-02,3.94972e-03,7.17876e+02,1.04236e+01,9.77412e+03
4.01000e+05,8.58395e-02,4.18923e-03,7.17489e+02,1.04228e+01,9.77312e+03
4.02000e+05,8.58705e-02,4.06670e-03,7.17101e+02,1.04239e+01,9.77213e+03
4.03000e+05,8.59359e-02,3.45006e-03,7.16283e+02,1.04241e+01,9.77113e+03
4.04000e+05,8.59346e-02,3.38349e-03,7.16298e+02,1.04237e+01,9.77014e+03
4.05000e+05,8.59831e-02,4.18173e-03,7.15692e+02,1.04235e+01,9.76915e+03
4.06000e+05,8.60224e-02,4.11532e-03,7.15202e+02,1.04196e+01,9.76817e+03
4.07000e+05,8.60195e-02,3.60695e-03,7.15238e+02,1.04240e+01,9.76718e+03
4.08000e+05,8.60756e-02,3.61900e-03,7.14539e+02,1.04234e+01,9.76620e+03
4.09000e+05,8.61131e-02,3.58630e-03,7.14072e+02,1.04235e+01,9.76522e+03
4.10000e+05,8.61287e-02,3.09676e-03,7.13879e+02,1.04236e+01,9.76424e+03
4.11000e+05,8.61557e-02,4.09741e-03,7.13542e+02,1.04245e+01,9.76326e+03
4.12000e+05,8.61800e-02,3.39868e-03,7.13241e+02,1.04239e+01,9.76229e+03
4.13000e+05,8.62157e-02,3.20073e-03,7.12798e+02,1.04293e+01,9.76132e+03
4.14000e+05,8.62619e-02,3.31454e-03,7.12225e+02,1.04237e+01,9.76035e+03
4.15000e+05,8.62741e-02,4.22388e-03,7.12074e+02,1.04245e+01,9.75938e+03
4.16000e+05,8.62914e-02,3.19604e-03,7.11860e+02,1.04239e+01,9.75841e+03
4.17000e+05,8.63698e-02,4.03070e-03,7.10891e+02,1.04236e+01,9.75745e+03
4.18000e+05,8.63518e-02,3.76672e-03,7.11114e+02,1.04227e+01,9.75649e+03
4.19000e+05,8.64090e-02,3.65983e-03,7.10408e+02,1.04239e+01,9.75553e+03
4.20000e+05,8.64653e-02,3.98649e-03,7.09714e+02,1.04171e+01,9.75457e+03
4.21000e+05,8.64339e-02,4.39658e-03,7.10100e+02,1.04236e+01,9.75361e+03
4.22000e+05,8.64876e-02,3.12968e-03,7.09440e+02,1.04232e+01,9.75266e+03
4.23000e+05,8.65477e-02,3.54964e-03,7.08700e+02,1.04239e+01,9.75171e+03
4.24000e+05,8.65434e-02,4.15571e-03,7.08753e+02,1.04240e+01,9.75076e+03
4.25000e+05,8.65639e-02,3.32962e-03,7.08501e+02,1.04239e+01,9.74981e+03
4.26000e+05,8.66045e-02,3.96753e-03,7.08003e+02,1.04235e+01,9.74887e+03
4.27000e+05,8.66385e-02,3.27711e-03,7.07587e+02,1.04279e+01,9.74792e+03
4.28000e+05,8.66642e-02,3.65967e-03,7.07272e+02,1.04239e+01,9.74698e+03
4.29000e+05,8.67187e-02,4.18010e-03,7.06605e+02,1.04239e+01,9.74604e+03
4.30000e+05,8.67632e-02,4.32225e-03,7.06062e+02,1.04233e+01,9.74511e+03
4.31000e+05,8.67369e-02,4.37680e-03,7.06383e+02,1.04236e+01,9.74417e+03
4.32000e+05,8.68162e-02,4.23666e-03,7.05416e+02,1.04253e+01,9.74324e+03
4.33000e+05,8.67958e-02,4.41465e-03,7.05664e+02,1.04238e+01,9.74231e+03
4.34000e+05,8.68641e-02,3.53134e-03,7.04832e+02,1.04217e+01,9.74138e+03
4.35000e+05,8.68973e-02,3.75462e-03,7.04428e+02,1.04236e+01,9.74045e+03
4.36000e+05,8.69355e-02,3.88459e-03,7.03964e+02,1.04241e+01,9.73952e+03
4.37000e+05,8.69153e-02,4.32477e-03,7.04210e+02,1.04239e+01,9.73860e+03
4.38000e+05,8.69695e-02,4.08529e-03,7.03552e+02,1.04235e+01,9.73768e+03
4.39000e+05,8.70141e-02,3.76142e-03,7.03010e+02,1.04214e+01,9.73676e+03
4.40000e+05,8.70598e-02,3.63682e-03,7.02457e+02,1.04239e+01,9.73584e+03
4.41000e+05,8.70342e-02,3.02345e-03,7.02767e+02,1.04241e+01,9.73492e+03
4.42000e+05,8.70599e-02,4.50226e-03,7.02455e+02,1.04236e+01,9.73401e+03
4.43000e+05,8.70846e-02,4.39328e-03,7.02157e+02,1.04233e+01,9.73310e+03
4.44000e+05,8.71388e-02,4.00853e-03,7.01501e+02,1.04241e+01,9.73219e+03
4.45000e+05,8.71966e-02,3.63316e-03,7.00804e+02,1.04240e+01,9.73128e+03
4.46000e+05,8.72248e-02,3.51710e-03,7.00465e+02,1.04262e+01,9.73037e+03
4.47000e+05,8.72116e-02,3.43621e-03,7.00623e+02,1.04235e+01,9.72946e+03
4.48000e+05,8.72831e-02,3.63797e-03,6.99763e+02,1.04248e+01,9.72856e+03
4.49000e+05,8.72645e-02,3.23172e-03,6.99986e+02,1.04240e+01,9.72766e+03
4.50000e+05,8.73365e-02,3.74198e-03,6.99122e+02,1.04238e+01,9.72676e+03
4.51000e+05,8.73346e-02,4.30866e-03,6.99144e+02,1.04232e+01,9.72586e+03
4.52000e+05,8.73353e-02,4.00997e-03,6.99135e+02,1.04237e+01,9.72497e+03
4.53000e+05,8.74187e-02,3.31917e-03,6.98136e+02,1.04229e+01,9.72407e+03
4.54000e+05,8.74275e-02,3.90039e-03,6.98030e+02,1.04238e+01,9.72318e+03
4.55000e+05,8.74253e-02,3.66789e-03,6.98057e+02,1.04222e+01,9.72229e+03
4.56000e+05,8.74748e-02,3.35468e-03,6.97464e+02,1.04236e+01,9.72140e+03
4.57000e+05,8.74842e-02,4.33654e-03,6.97351e+02,1.04241e+01,9.72051e+03
4.58000e+05,8.75091e-02,4.16602e-03,6.97054e+02,1.04239e+01,9.71963e+03
4.59000e+05,8.75395e-02,3.36206e-03,6.96690e+02,1.04236e+01,9.71874e+03
4.60000e+05,8.76223e-02,4.02815e-03,6.95704e+02,1.04229e+01,9.71786e+03
4.61000e+05,8.76239e-02,4.10739e-03,6.95684e+02,1.04239e+01,9.71698e+03
4.62000e+05,8.76335e-02,3.54467e-03,6.95570e+02,1.04245e+01,9.71610e+03
4.63000e+05,8.76974e-02,3.68080e-03,6.94810e+02,1.04235e+01,9.71523e+03
4.64000e+05,8.76928e-02,4.49752e-03,6.94865e+02,1.04235e+01,9.71435e+03
4.65000e+05,8.77666e-02,3.50891e-03,6.93989e+02,1.04241e+01,9.71348e+03
4.66000e+05,8.77799e-02,3.97394e-03,6.93830e+02,1.04239e+01,9.71261e+03
4.67000e+05,8.77853e-02,4.27173e-03,6.93767e+02,1.04258e+01,9.71174e+03
4.68000e+05,8.77993e-02,3.40721e-03,6.93600e+02,1.04235e+01,9.71087e+03
4.69000e+05,8.78301e-02,3.50731e-03,6.93236e+02,1.04241e+01,9.71000e+03
4.70000e+05,8.78480e-02,4.33524e-03,6.93024e+02,1.04240e+01,9.70914e+03
4.71000e+05,8.79121e-02,4.06152e-03,6.92266e+02,1.04237e+01,9.70827e+03
4.72000e+05,8.78883e-02,2.98770e-03,6.92548e+02,1.04229e+01,9.70741e+03
4.73000e+05,8.79806e-02,4.51492e-03,6.91458e+02,1.04237e+01,9.70655e+03
4.74000e+05,8.79480e-02,3.22096e-03,6.91842e+02,1.04182e+01,9.70569e+03
4.75000e+05,8.80030e-02,4.18920e-03,6.91194e+02,1.04238e+01,9.70484e+03
4.76000e+05,8.80009e-02,4.55929e-03,6.91218e+02,1.04230e+01,9.70398e+03
4.77000e+05,8.80289e-02,3.98550e-03,6.90889e+02,1.04237e+01,9.70313e+03
4.78000e+05,8.80703e-02,4.52190e-03,6.90401e+02,1.04239e+01,9.70228e+03
4.79000e+05,8.80936e-02,3.33065e-03,6.90128e+02,1.04248e+01,9.70143e+03
4.80000e+05,8.81408e-02,3.74106e-03,6.89573e+02,1.04236e+01,9.70058e+03
4.81000e+05,8.81725e-02,3.92159e-03,6.89201e+02,1.04299e+01,9.69973e+03
4.82000e+05,8.81898e-02,3.98621e-03,6.89000e+02,1.04240e+01,9.69889e+03
4.83000e+05,8.82467e-02,3.62572e-03,6.88333e+02,1.04242e+01,9.69804e+03
4.84000e+05,8.82075e-02,4.55733e-03,6.88792e+02,1.04235e+01,9.69720e+03
4.85000e+05,8.83063e-02,3.52944e-03,6.87636e+02,1.04235e+01,9.69636e+03
4.86000e+05,8.82858e-02,4.33111e-03,6.87875e+02,1.04235e+01,9.69552e+03
4.87000e+05,8.83511e-02,3.72640e-03,6.87113e+02,1.04239e+01,9.69468e+03
4.88000e+05,8.83725e-02,4.27678e-03,6.86863e+02,1.04195e+01,9.69385e+03
4.89000e+05,8.84077e-02,3.75625e-03,6.86453e+02,1.04235e+01,9.69301e+03
4.90000e+05,8.84375e-02,4.57621e-03,6.86106e+02,1.04238e+01,9.69218e+03
4.91000e+05,8.84504e-02,3.58539e-03,6.85956e+02,1.04241e+01,9.69135e+03
4.92000e+05,8.84466e-02,4.40936e-03,6.86000e+02,1.04238e+01,9.69052e+03
4.93000e+05,8.84924e-02,4.19772e-03,6.85468e+02,1.04219e+01,9.68969e+03
4.94000e+05,8.85070e-02,3.47394e-03,6.85298e+02,1.04237e+01,9.68886e+03
4.95000e+05,8.85304e-02,3.61518e-03,6.85026e+02,1.04252e+01,9.68804e+03
4.96000e+05,8.86012e-02,3.53828e-03,6.84206e+02,1.04237e+01,9.68721e+03
4.97000e+05,8.86102e-02,4.41674e-03,6.84102e+02,1.04234e+01,9.68639e+03
4.98000e+05,8.85862e-02,3.39799e-03,6.84380e+02,1.04235e+01,9.68557e+03
4.99000e+05,8.86651e-02,4.38347e-03,6.83466e+02,1.04239e+01,9.68475e+03
5.00000e+05,8.86897e-02,3.85390e-03,6.83182e+02,1.04267e+01,9.68393e+03
5.01000e+05,8.86679e-02,3.85418e-03,6.83434e+02,1.04235e+01,9.68312e+03
5.02000e+05,8.87151e-02,4.59189e-03,6.82889e+02,1.04245e+01,9.68230e+03
5.03000e+05,8.87675e-02,4.14011e-03,6.82284e+02,1.04239e+01,9.68149e+03
5.04000e+05,8.87809e-02,4.15249e-03,6.82129e+02,1.04241e+01,9.68068e+03
5.05000e+05,8.88210e-02,3.83644e-03,6.81668e+02,1.04234e+01,9.67987e+03
5.06000e+05,8.88074e-02,4.14216e-03,6.81824e+02,1.04235e+01,9.67906e+03
5.07000e+05,8.88389e-02,4.16226e-03,6.81461e+02,1.04214e+01,9.67825e+03
5.08000e+05,8.89078e-02,4.19660e-03,6.80669e+02,1.04239e+01,9.67745e+03
5.09000e+05,8.89310e-02,3.79547e-03,6.80403e+02,1.04228e+01,9.67664e+03
5.10000e+05,8.89116e-02,4.38409e-03,6.80625e+02,1.04235e+01,9.67584e+03
5.11000e+05,8.89344e-02,3.80316e-03,6.80364e+02,1.04236e+01,9.67504e+03
5.12000e+05,8.89733e-02,4.35174e-03,6.79919e+02,1.04244e+01,9.67424e+03
5.13000e+05,8.89854e-02,4.44857e-03,6.79779e+02,1.04237e+01,9.67344e+03
5.14000e+05,8.90446e-02,3.92537e-03,6.79102e+02,1.04233e+01,9.67264e+03
5.15000e+05,8.90875e-02,4.46143e-03,6.78611e+02,1.04238e+01,9.67184e+03
5.16000e+05,8.90943e-02,3.68760e-03,6.78533e+02,1.04250e+01,9.67105e+03
5.17000e+05,8.90779e-02,4.35365e-03,6.78721e+02,1.04238e+01,9.67026e+03
5.18000e+05,8.91515e-02,4.03659e-03,6.77881e+02,1.04234e+01,9.66946e+03
5.19000e+05,8.91802e-02,4.62503e-03,6.77553e+02,1.04236e+01,9.66867e+03
5.20000e+05,8.91929e-02,4.23060e-03,6.77409e+02,1.04239e+01,9.66788e+03
5.21000e+05,8.91745e-02,4.56161e-03,6.77618e+02,1.04252e+01,9.66710e+03
5.22000e+05,8.91933e-02,4.79210e-03,6.77404e+02,1.04236e+01,9.66631e+03
5.23000e+05,8.92292e-02,4.63489e-03,6.76995e+02,1.04230e+01,9.66553e+03
5.24000e+05,8.92919e-02,3.80613e-03,6.76282e+02,1.04240e+01,9.66474e+03
5.25000e+05,8.92828e-02,4.62311e-03,6.76385e+02,1.04240e+01,9.66396e+03
5.26000e+05,8.92952e-02,3.33798e-03,6.76245e+02,1.04231e+01,9.66318e+03
5.27000e+05,8.93263e-02,4.69532e-03,6.75892e+02,1.04236e+01,9.66240e+03
5.28000e+05,8.93896e-02,4.68636e-03,6.75173e+02,1.04215e+01,9.66162e+03
5.29000e+05,8.93956e-02,4.70158e-03,6.75106e+02,1.04239e+01,9.66084e+03
5.30000e+05,8.94469e-02,3.74597e-03,6.74525e+02,1.04235e+01,9.66007e+03
5.31000e+05,8.94767e-02,3.97768e-03,6.74188e+02,1.04234e+01,9.65929e+03
5.32000e+05,8.95019e-02,4.49761e-03,6.73903e+02,1.04238e+01,9.65852e+03
5.33000e+05,8.94761e-02,4.64710e-03,6.74195e+02,1.04248e+01,9.65775e+03
5.34000e+05,8.95474e-02,4.35297e-03,6.73390e+02,1.04237e+01,9.65698e+03
5.35000e+05,8.95744e-02,4.57565e-03,6.73085e+02,1.04289e+01,9.65621e+03
5.36000e+05,8.95929e-02,4.69524e-03,6.72877e+02,1.04237e+01,9.65544e+03
5.37000e+05,8.96266e-02,4.59854e-03,6.72498e+02,1.04245e+01,9.65468e+03
5.38000e+05,8.96016e-02,4.69227e-03,6.72779e+02,1.04236e+01,9.65391e+03
5.39000e+05,8.96461e-02,3.81926e-03,6.72278e+02,1.04235e+01,9.65315e+03
5.40000e+05,8.96897e-02,3.83832e-03,6.71788e+02,1.04230e+01,9.65238e+03
5.41000e+05,8.96929e-02,4.47332e-03,6.71753e+02,1.04239e+01,9.65162e+03
5.42000e+05,8.97155e-02,3.67453e-03,6.71498e+02,1.04185e+01,9.65086e+03
5.43000e+05,8.97177e-02,4.52602e-03,6.71474e+02,1.04235e+01,9.65010e+03
5.44000e+05,8.97660e-02,3.59815e-03,6.70932e+02,1.04233e+01,9.64935e+03
5.45000e+05,8.97963e-02,3.94985e-03,6.70592e+02,1.04241e+01,9.64859e+03
5.46000e+05,8.98308e-02,4.68863e-03,6.70206e+02,1.04239e+01,9.64784e+03
5.47000e+05,8.98778e-02,4.58215e-03,6.69681e+02,1.04235e+01,9.64708e+03
5.48000e+05,8.98351e-02,3.28113e-03,6.70158e+02,1.04236e+01,9.64633e+03
5.49000e+05,8.98682e-02,4.70607e-03,6.69788e+02,1.04277e+01,9.64558e+03
5.50000e+05,8.98896e-02,4.75980e-03,6.69549e+02,1.04239e+01,9.64483e+03
5.51000e+05,8.99711e-02,3.86426e-03,6.68638e+02,1.04236e+01,9.64408e+03
5.52000e+05,8.99295e-02,4.49475e-03,6.69103e+02,1.04234e+01,9.64333e+03
5.53000e+05,8.99601e-02,4.59918e-03,6.68761e+02,1.04237e+01,9.64259e+03
5.54000e+05,8.99809e-02,4.83068e-03,6.68530e+02,1.04256e+01,9.64184e+03
5.55000e+05,9.00571e-02,4.61208e-03,6.67681e+02,1.04237e+01,9.64110e+03
5.56000e+05,9.00723e-02,4.42062e-03,6.67512e+02,1.04225e+01,9.64036e+03
5.57000e+05,9.00798e-02,4.37183e-03,6.67429e+02,1.04239e+01,9.63961e+03
5.58000e+05,9.00618e-02,4.02177e-03,6.67629e+02,1.04242e+01,9.63887e+03
5.59000e+05,9.01639e-02,4.47637e-03,6.66495e+02,1.04238e+01,9.63813e+03
5.60000e+05,9.01687e-02,4.25377e-03,6.66443e+02,1.04236e+01,9.63740e+03
5.61000e+05,9.02016e-02,4.63114e-03,6.66078e+02,1.04202e+01,9.63666e+03
5.62000e+05,9.01775e-02,4.74522e-03,6.66344e+02,1.04239e+01,9.63593e+03
5.63000e+05,9.01921e-02,4.09600e-03,6.66182e+02,1.04230e+01,9.63519e+03
5.64000e+05,9.02089e-02,4.85238e-03,6.65997e+02,1.04235e+01,9.63446e+03
5.65000e+05,9.03028e-02,4.60492e-03,6.64958e+02,1.04234e+01,9.63373e+03
5.66000e+05,9.03207e-02,3.99802e-03,6.64760e+02,1.04242e+01,9.63300e+03
5.67000e+05,9.03233e-02,4.40757e-03,6.64731e+02,1.04239e+01,9.63227e+03
5.68000e+05,9.03231e-02,4.42082e-03,6.64734e+02,1.04258e+01,9.63154e+03
5.69000e+05,9.03843e-02,4.15531e-03,6.64059e+02,1.04236e+01,9.63081e+03
5.70000e+05,9.03511e-02,5.01014e-03,6.64425e+02,1.04252e+01,9.63009e+03
5.71000e+05,9.03919e-02,4.80960e-03,6.63975e+02,1.04239e+01,9.62936e+03
5.72000e+05,9.04147e-02,3.39486e-03,6.63724e+02,1.04238e+01,9.62864e+03
5.73000e+05,9.04359e-02,4.67751e-03,6.63491e+02,1.04230e+01,9.62791e+03
5.74000e+05,9.04999e-02,4.35323e-03,6.62787e+02,1.04238e+01,9.62719e+03
5.75000e+05,9.04892e-02,4.67567e-03,6.62905e+02,1.04235e+01,9.62647e+03
5.76000e+05,9.05526e-02,4.51492e-03,6.62208e+02,1.04236e+01,9.62575e+03
5.77000e+05,9.05136e-02,4.16986e-03,6.62636e+02,1.04227e+01,9.62504e+03
5.78000e+05,9.05350e-02,4.70848e-03,6.62401e+02,1.04238e+01,9.62432e+03
5.79000e+05,9.05882e-02,4.79901e-03,6.61818e+02,1.04241e+01,9.62360e+03
5.80000e+05,9.06456e-02,4.07047e-03,6.61190e+02,1.04238e+01,9.62289e+03
5.81000e+05,9.06689e-02,3.93292e-03,6.60935e+02,1.04235e+01,9.62218e+03
5.82000e+05,9.06946e-02,3.88557e-03,6.60654e+02,1.04214e+01,9.62146e+03
5.83000e+05,9.06527e-02,3.78732e-03,6.61112e+02,1.04239e+01,9.62075e+03
5.84000e+05,9.06894e-02,4.63475e-03,6.60710e+02,1.04243e+01,9.62004e+03
5.85000e+05,9.07068e-02,4.70224e-03,6.60521e+02,1.04234e+01,9.61933e+03
5.86000e+05,9.07763e-02,3.97600e-03,6.59763e+02,1.04234e+01,9.61863e+03
5.87000e+05,9.07461e-02,3.86992e-03,6.60092e+02,1.04246e+01,9.61792e+03
5.88000e+05,9.07841e-02,4.69227e-03,6.59677e+02,1.04239e+01,9.61721e+03
5.89000e+05,9.07889e-02,4.75824e-03,6.59625e+02,1.04288e+01,9.61651e+03
5.90000e+05,9.08034e-02,4.17767e-03,6.59466e+02,1.04236e+01,9.61580e+03
5.91000e+05,9.08501e-02,3.83553e-03,6.58958e+02,1.04241e+01,9.61510e+03
5.92000e+05,9.09201e-02,4.32644e-03,6.58198e+02,1.04240e+01,9.61440e+03
5.93000e+05,9.09220e-02,4.58906e-03,6.58177e+02,1.04237e+01,9.61370e+03
5.94000e+05,9.09584e-02,4.52950e-03,6.57782e+02,1.04226e+01,9.61300e+03
5.95000e+05,9.09249e-02,3.47414e-03,6.58145e+02,1.04238e+01,9.61230e+03
5.96000e+05,9.09421e-02,5.01566e-03,6.57959e+02,1.04196e+01,9.61161e+03
5.97000e+05,9.10257e-02,4.46834e-03,6.57052e+02,1.04237e+01,9.61091e+03
5.98000e+05,9.09924e-02,4.79045e-03,6.57414e+02,1.04229e+01,9.61022e+03
5.99000e+05,9.10555e-02,4.67794e-03,6.56730e+02,1.04239e+01,9.60952e+03
6.00000e+05,9.10803e-02,4.00442e-03,6.56462e+02,1.04240e+01,9.60883e+03
6.01000e+05,9.11064e-02,4.17811e-03,6.56180e+02,1.04240e+01,9.60814e+03
6.02000e+05,9.11478e-02,4.45753e-03,6.55732e+02,1.04236e+01,9.60745e+03
6.03000e+05,9.10995e-02,4.91817e-03,6.56255e+02,1.04279e+01,9.60676e+03
6.04000e+05,9.11885e-02,4.12597e-03,6.55294e+02,1.04240e+01,9.60607e+03
6.05000e+05,9.11562e-02,4.75956e-03,6.55642e+02,1.04241e+01,9.60538e+03
6.06000e+05,9.12230e-02,4.30763e-03,6.54922e+02,1.04233e+01,9.60469e+03
6.07000e+05,9.12160e-02,4.73970e-03,6.54998e+02,1.04236e+01,9.60401e+03
6.08000e+05,9.12823e-02,4.09478e-03,6.54284e+02,1.04247e+01,9.60332e+03
6.09000e+05,9.12984e-02,4.48289e-03,6.54111e+02,1.04239e+01,9.60264e+03
6.10000e+05,9.12546e-02,4.69106e-03,6.54582e+02,1.04201e+01,9.60196e+03
6.11000e+05,9.13198e-02,4.86027e-03,6.53881e+02,1.04236e+01,9.60128e+03
6.12000e+05,9.13647e-02,4.06947e-03,6.53399e+02,1.04240e+01,9.60060e+03
6.13000e+05,9.13306e-02,4.48676e-03,6.53765e+02,1.04240e+01,9.59992e+03
6.14000e+05,9.14031e-02,4.49411e-03,6.52987e+02,1.04237e+01,9.59924e+03
6.15000e+05,9.13816e-02,4.89580e-03,6.53218e+02,1.04218e+01,9.59856e+03
6.16000e+05,9.14514e-02,4.73688e-03,6.52470e+02,1.04238e+01,9.59789e+03
6.17000e+05,9.14624e-02,4.94698e-03,6.52353e+02,1.04250e+01,9.59721e+03
6.18000e+05,9.14411e-02,4.41142e-03,6.52581e+02,1.04236e+01,9.59654e+03
6.19000e+05,9.14595e-02,3.95803e-03,6.52384e+02,1.04232e+01,9.59586e+03
6.20000e+05,9.14793e-02,3.55546e-03,6.52172e+02,1.04240e+01,9.59519e+03
6.21000e+05,9.15274e-02,3.64981e-03,6.51658e+02,1.04240e+01,9.59452e+03
6.22000e+05,9.15186e-02,4.83098e-03,6.51752e+02,1.04269e+01,9.59385e+03
6.23000e+05,9.16021e-02,3.96105e-03,6.50861e+02,1.04235e+01,9.59318e+03
6.24000e+05,9.15864e-02,4.24184e-03,6.51028e+02,1.04244e+01,9.59251e+03
6.25000e+05,9.15940e-02,3.93895e-03,6.50947e+02,1.04240e+01,9.59184e+03
6.26000e+05,9.16013e-02,3.53730e-03,6.50869e+02,1.04240e+01,9.59118e+03
6.27000e+05,9.16208e-02,4.93257e-03,6.50661e+02,1.04232e+01,9.59051e+03
6.28000e+05,9.17056e-02,4.91280e-03,6.49759e+02,1.04235e+01,9.58985e+03
6.29000e+05,9.16700e-02,3.92485e-03,6.50137e+02,1.04205e+01,9.58918e+03
6.30000e+05,9.16940e-02,4.93487e-03,6.49883e+02,1.04238e+01,9.58852e+03
6.31000e+05,9.17443e-02,4.01127e-03,6.49348e+02,1.04220e+01,9.58786e+03
6.32000e+05,9.17606e-02,4.72974e-03,6.49175e+02,1.04237e+01,9.58720e+03
6.33000e+05,9.17896e-02,4.76632e-03,6.48868e+02,1.04239e+01,9.58654e+03
6.34000e+05,9.18321e-02,3.79528e-03,6.48417e+02,1.04243e+01,9.58588e+03
6.35000e+05,9.18250e-02,4.93128e-03,6.48492e+02,1.04237e+01,9.58522e+03
6.36000e+05,9.18799e-02,4.27659e-03,6.47911e+02,1.04250e+01,9.58456e+03
6.37000e+05,9.19001e-02,4.01983e-03,6.47698e+02,1.04239e+01,9.58391e+03
6.38000e+05,9.18576e-02,5.04781e-03,6.48146e+02,1.04247e+01,9.58325e+03
6.39000e+05,9.19521e-02,4.06578e-03,6.47148e+02,1.04236e+01,9.58260e+03
6.40000e+05,9.19006e-02,4.36708e-03,6.47692e+02,1.04234e+01,9.58195e+03
6.41000e+05,9.19691e-02,4.39163e-03,6.46969e+02,1.04238e+01,9.58129e+03
6.42000e+05,9.19642e-02,3.99682e-03,6.47021e+02,1.04240e+01,9.58064e+03
6.43000e+05,9.20311e-02,4.10744e-03,6.46314e+02,1.04272e+01,9.57999e+03
6.44000e+05,9.20456e-02,5.08544e-03,6.46163e+02,1.04236e+01,9.57934e+03
6.45000e+05,9.20415e-02,3.77167e-03,6.46205e+02,1.04237e+01,9.57869e+03
6.46000e+05,9.21019e-02,4.82984e-03,6.45570e+02,1.04240e+01,9.57805e+03
6.47000e+05,9.21108e-02,4.91867e-03,6.45476e+02,1.04240e+01,9.57740e+03
6.48000e+05,9.21297e-02,4.23276e-03,6.45278e+02,1.04227e+01,9.57675e+03
6.49000e+05,9.21344e-02,4.17836e-03,6.45228e+02,1.04236e+01,9.57611e+03
6.50000e+05,9.21174e-02,5.12371e-03,6.45406e+02,1.04186e+01,9.57546e+03
6.51000e+05,9.21252e-02,3.42164e-03,6.45325e+02,1.04238e+01,9.57482e+03
6.52000e+05,9.22275e-02,4.09058e-03,6.44252e+02,1.04232e+01,9.57418e+03
6.53000e+05,9.22279e-02,4.17194e-03,6.44247e+02,1.04236e+01,9.57354e+03
6.54000e+05,9.22557e-02,4.98609e-03,6.43957e+02,1.04238e+01,9.57290e+03
6.55000e+05,9.22717e-02,5.06348e-03,6.43789e+02,1.04248e+01,9.57226e+03
6.56000e+05,9.22472e-02,3.72828e-03,6.44045e+02,1.04236e+01,9.57162e+03
6.57000e+05,9.22469e-02,3.50844e-03,6.44049e+02,1.04283e+01,9.57098e+03
6.58000e+05,9.22718e-02,4.71019e-03,6.43788e+02,1.04238e+01,9.57034e+03
6.59000e+05,9.23595e-02,4.24887e-03,6.42871e+02,1.04244e+01,9.56971e+03
6.60000e+05,9.23262e-02,4.74118e-03,6.43218e+02,1.04236e+01,9.56907e+03
6.61000e+05,9.23927e-02,4.42944e-03,6.42525e+02,1.04234e+01,9.56844e+03
6.62000e+05,9.24150e-02,4.13921e-03,6.42292e+02,1.04237e+01,9.56781e+03
6.63000e+05,9.24222e-02,4.26700e-03,6.42217e+02,1.04239e+01,9.56717e+03
6.64000e+05,9.24429e-02,4.58880e-03,6.42001e+02,1.04199e+01,9.56654e+03
6.65000e+05,9.24957e-02,4.72752e-03,6.41451e+02,1.04235e+01,9.56591e+03
6.66000e+05,9.24368e-02,4.80981e-03,6.42065e+02,1.04235e+01,9.56528e+03
6.67000e+05,9.24661e-02,3.77191e-03,6.41760e+02,1.04242e+01,9.56465e+03
6.68000e+05,9.25414e-02,4.85491e-03,6.40977e+02,1.04239e+01,9.56402e+03
6.69000e+05,9.25709e-02,4.20330e-03,6.40670e+02,1.04224e+01,9.56340e+03
6.70000e+05,9.25954e-02,4.56658e-03,6.40416e+02,1.04236e+01,9.56277e+03
6.71000e+05,9.25746e-02,4.35660e-03,6.40632e+02,1.04266e+01,9.56215e+03
6.72000e+05,9.25705e-02,3.77690e-03,6.40675e+02,1.04239e+01,9.56152e+03
6.73000e+05,9.26465e-02,4.84486e-03,6.39886e+02,1.04233e+01,9.56090e+03
6.74000e+05,9.26441e-02,4.46094e-03,6.39911e+02,1.04236e+01,9.56027e+03
6.75000e+05,9.26778e-02,4.53463e-03,6.39562e+02,1.04239e+01,9.55965e+03
6.76000e+05,9.26547e-02,5.35926e-03,6.39802e+02,1.04262e+01,9.55903e+03
6.77000e+05,9.26622e-02,3.91509e-03,6.39724e+02,1.04237e+01,9.55841e+03
6.78000e+05,9.27409e-02,4.99962e-03,6.38909e+02,1.04225e+01,9.55779e+03
6.79000e+05,9.27266e-02,4.78498e-03,6.39057e+02,1.04239e+01,9.55717e+03
6.80000e+05,9.27547e-02,3.96648e-03,6.38767e+02,1.04242e+01,9.55655e+03
6.81000e+05,9.28107e-02,4.24873e-03,6.38189e+02,1.04234e+01,9.55594e+03
6.82000e+05,9.28337e-02,5.23971e-03,6.37952e+02,1.04235e+01,9.55532e+03
6.83000e+05,9.28064e-02,3.89923e-03,6.38233e+02,1.04209e+01,9.55470e+03
6.84000e+05,9.28710e-02,4.55582e-03,6.37567e+02,1.04239e+01,9.55409e+03
6.85000e+05,9.28377e-02,4.75951e-03,6.37910e+02,1.04228e+01,9.55348e+03
6.86000e+05,9.28925e-02,4.08072e-03,6.37345e+02,1.04235e+01,9.55286e+03
6.87000e+05,9.28868e-02,5.07135e-03,6.37405e+02,1.04237e+01,9.55225e+03
6.88000e+05,9.29601e-02,4.45436e-03,6.36651e+02,1.04243e+01,9.55164e+03
6.89000e+05,9.29255e-02,5.13849e-03,6.37006e+02,1.04239e+01,9.55103e+03
6.90000e+05,9.29176e-02,5.16949e-03,6.37088e+02,1.04276e+01,9.55042e+03
6.91000e+05,9.29973e-02,4.92068e-03,6.36268e+02,1.04236e+01,9.54981e+03
6.92000e+05,9.29651e-02,4.38975e-03,6.36599e+02,1.04253e+01,9.54920e+03
6.93000e+05,9.29853e-02,3.81668e-03,6.36392e+02,1.04238e+01,9.54859e+03
6.94000e+05,9.30329e-02,3.81950e-03,6.35904e+02,1.04234e+01,9.54799e+03
6.95000e+05,9.30429e-02,4.98837e-03,6.35801e+02,1.04235e+01,9.54738e+03
6.96000e+05,9.31168e-02,5.09270e-03,6.35044e+02,1.04238e+01,9.54678e+03
6.97000e+05,9.30897e-02,4.08316e-03,6.35321e+02,1.04223e+01,9.54617e+03
6.98000e+05,9.30796e-02,5.24559e-03,6.35425e+02,1.04236e+01,9.54557e+03
6.99000e+05,9.31679e-02,4.46414e-03,6.34522e+02,1.04230e+01,9.54497e+03
7.00000e+05,9.31151e-02,3.53959e-03,6.35062e+02,1.04240e+01,9.54436e+03
7.01000e+05,9.31299e-02,3.50182e-03,6.34911e+02,1.04241e+01,9.54376e+03
7.02000e+05,9.31928e-02,4.13963e-03,6.34267e+02,1.04236e+01,9.54316e+03
7.03000e+05,9.31788e-02,5.24105e-03,6.34410e+02,1.04235e+01,9.54256e+03
7.04000e+05,9.32172e-02,5.11021e-03,6.34018e+02,1.04212e+01,9.54196e+03
7.05000e+05,9.32216e-02,5.27399e-03,6.33974e+02,1.04239e+01,9.54137e+03
7.06000e+05,9.32511e-02,4.46054e-03,6.33673e+02,1.04234e+01,9.54077e+03
7.07000e+05,9.33328e-02,4.50671e-03,6.32841e+02,1.04235e+01,9.54017e+03
7.08000e+05,9.33527e-02,4.11353e-03,6.32639e+02,1.04236e+01,9.53958e+03
7.09000e+05,9.33687e-02,4.39899e-03,6.32476e+02,1.04247e+01,9.53898e+03
7.10000e+05,9.33159e-02,4.26397e-03,6.33013e+02,1.04238e+01,9.53839e+03
7.11000e+05,9.33508e-02,4.65955e-03,6.32658e+02,1.04275e+01,9.53780e+03
7.12000e+05,9.34011e-02,4.04347e-03,6.32147e+02,1.04237e+01,9.53720e+03
7.13000e+05,9.34461e-02,4.51605e-03,6.31690e+02,1.04244e+01,9.53661e+03
7.14000e+05,9.34641e-02,4.83596e-03,6.31508e+02,1.04239e+01,9.53602e+03
7.15000e+05,9.34342e-02,4.82937e-03,6.31812e+02,1.04236e+01,9.53543e+03
7.16000e+05,9.34501e-02,4.90582e-03,6.31650e+02,1.04226e+01,9.53484e+03
7.17000e+05,9.35066e-02,4.30211e-03,6.31077e+02,1.04239e+01,9.53425e+03
7.18000e+05,9.34620e-02,4.63975e-03,6.31529e+02,1.04183e+01,9.53366e+03
7.19000e+05,9.35096e-02,5.20004e-03,6.31047e+02,1.04236e+01,9.53308e+03
7.20000e+05,9.35015e-02,4.14248e-03,6.31129e+02,1.04233e+01,9.53249e+03
7.21000e+05,9.35893e-02,5.30926e-03,6.30241e+02,1.04239e+01,9.53190e+03
7.22000e+05,9.36046e-02,4.97478e-03,6.30087e+02,1.04240e+01,9.53132e+03
7.23000e+05,9.35667e-02,5.25197e-03,6.30470e+02,1.04239e+01,9.53073e+03
7.24000e+05,9.36493e-02,4.28879e-03,6.29636e+02,1.04235e+01,9.53015e+03
7.25000e+05,9.35962e-02,4.14199e-03,6.30171e+02,1.04275e+01,9.52957e+03
7.26000e+05,9.36978e-02,4.93274e-03,6.29147e+02,1.04239e+01,9.52899e+03
7.27000e+05,9.36582e-02,4.94200e-03,6.29546e+02,1.04238e+01,9.52840e+03
7.28000e+05,9.36562e-02,5.33651e-03,6.29566e+02,1.04233e+01,9.52782e+03
7.29000e+05,9.37029e-02,5.01491e-03,6.29096e+02,1.04237e+01,9.52724e+03
7.30000e+05,9.37400e-02,5.06173e-03,6.28722e+02,1.04255e+01,9.52667e+03
7.31000e+05,9.37757e-02,5.09641e-03,6.28363e+02,1.04238e+01,9.52609e+03
7.32000e+05,9.37294e-02,3.95897e-03,6.28829e+02,1.04218e+01,9.52551e+03
7.33000e+05,9.37545e-02,5.10997e-03,6.28577e+02,1.04237e+01,9.52493e+03
7.34000e+05,9.37949e-02,5.09880e-03,6.28171e+02,1.04241e+01,9.52436e+03
7.35000e+05,9.38209e-02,4.93138e-03,6.27909e+02,1.04239e+01,9.52378e+03
7.36000e+05,9.38699e-02,4.29875e-03,6.27417e+02,1.04235e+01,9.52321e+03
7.37000e+05,9.38240e-02,4.24072e-03,6.27878e+02,1.04209e+01,9.52263e+03
7.38000e+05,9.38891e-02,5.45414e-03,6.27225e+02,1.04239e+01,9.52206e+03
7.39000e+05,9.39020e-02,4.03685e-03,6.27096e+02,1.04242e+01,9.52149e+03
7.40000e+05,9.39006e-02,5.13164e-03,6.27110e+02,1.04236e+01,9.52091e+03
7.41000e+05,9.39136e-02,5.30991e-03,6.26979e+02,1.04233e+01,9.52034e+03
7.42000e+05,9.39625e-02,4.99331e-03,6.26491e+02,1.04241e+01,9.51977e+03
7.43000e+05,9.39349e-02,4.31956e-03,6.26766e+02,1.04240e+01,9.51920e+03
7.44000e+05,9.39541e-02,3.65808e-03,6.26574e+02,1.04271e+01,9.51863e+03
7.45000e+05,9.39684e-02,5.34717e-03,6.26431e+02,1.04235e+01,9.51806e+03
7.46000e+05,9.40260e-02,4.61551e-03,6.25856e+02,1.04246e+01,9.51750e+03
7.47000e+05,9.40806e-02,5.29769e-03,6.25311e+02,1.04240e+01,9.51693e+03
7.48000e+05,9.40545e-02,4.68063e-03,6.25571e+02,1.04237e+01,9.51636e+03
7.49000e+05,9.40496e-02,5.06513e-03,6.25621e+02,1.04232e+01,9.51580e+03
7.50000e+05,9.41006e-02,4.29509e-03,6.25112e+02,1.04238e+01,9.51523e+03
7.51000e+05,9.41034e-02,3.77352e-03,6.25084e+02,1.04216e+01,9.51467e+03
7.52000e+05,9.41051e-02,5.49972e-03,6.25067e+02,1.04238e+01,9.51410e+03
7.53000e+05,9.41916e-02,4.39217e-03,6.24205e+02,1.04224e+01,9.51354e+03
7.54000e+05,9.41436e-02,5.25532e-03,6.24684e+02,1.04237e+01,9.51298e+03
7.55000e+05,9.42033e-02,5.16923e-03,6.24089e+02,1.04241e+01,9.51242e+03
7.56000e+05,9.42494e-02,5.12609e-03,6.23632e+02,1.04239e+01,9.51186e+03
7.57000e+05,9.41911e-02,4.32564e-03,6.24210e+02,1.04236e+01,9.51130e+03
7.58000e+05,9.42897e-02,4.29336e-03,6.23232e+02,1.04246e+01,9.51074e+03
7.59000e+05,9.42343e-02,5.15565e-03,6.23782e+02,1.04239e+01,9.51018e+03
7.60000e+05,9.42544e-02,5.02780e-03,6.23582e+02,1.04244e+01,9.50962e+03
7.61000e+05,9.42682e-02,5.05467e-03,6.23445e+02,1.04234e+01,9.50906e+03
7.62000e+05,9.43653e-02,4.44712e-03,6.22483e+02,1.04235e+01,9.50850e+03
7.63000e+05,9.43892e-02,4.71685e-03,6.22247e+02,1.04242e+01,9.50795e+03
7.64000e+05,9.43192e-02,5.17488e-03,6.22940e+02,1.04239e+01,9.50739e+03
7.65000e+05,9.43658e-02,5.25203e-03,6.22478e+02,1.04236e+01,9.50684e+03
7.66000e+05,9.43668e-02,5.25124e-03,6.22469e+02,1.04235e+01,9.50628e+03
7.67000e+05,9.43974e-02,5.08130e-03,6.22165e+02,1.04241e+01,9.50573e+03
7.68000e+05,9.44578e-02,5.30386e-03,6.21569e+02,1.04240e+01,9.50518e+03
7.69000e+05,9.44853e-02,4.56806e-03,6.21298e+02,1.04237e+01,9.50463e+03
7.70000e+05,9.44381e-02,5.52528e-03,6.21763e+02,1.04228e+01,9.50407e+03
7.71000e+05,9.45262e-02,5.35801e-03,6.20895e+02,1.04237e+01,9.50352e+03
7.72000e+05,9.45362e-02,4.48567e-03,6.20796e+02,1.04200e+01,9.50297e+03
7.73000e+05,9.45082e-02,5.02590e-03,6.21072e+02,1.04237e+01,9.50242e+03
7.74000e+05,9.45350e-02,5.15324e-03,6.20808e+02,1.04231e+01,9.50187e+03
7.75000e+05,9.45783e-02,4.34010e-03,6.20382e+02,1.04237e+01,9.50133e+03
7.76000e+05,9.46212e-02,4.34984e-03,6.19959e+02,1.04239e+01,9.50078e+03
7.77000e+05,9.46242e-02,5.18954e-03,6.19930e+02,1.04250e+01,9.50023e+03
7.78000e+05,9.45788e-02,4.59799e-03,6.20376e+02,1.04235e+01,9.49968e+03
7.79000e+05,9.46642e-02,4.81533e-03,6.19537e+02,1.04288e+01,9.49914e+03
7.80000e+05,9.46110e-02,5.11050e-03,6.20060e+02,1.04240e+01,9.49859e+03
7.81000e+05,9.47079e-02,4.32586e-03,6.19109e+02,1.04241e+01,9.49805e+03
7.82000e+05,9.47329e-02,4.59742e-03,6.18863e+02,1.04235e+01,9.49751e+03
7.83000e+05,9.47245e-02,4.44019e-03,6.18946e+02,1.04235e+01,9.49696e+03
7.84000e+05,9.47356e-02,4.58419e-03,6.18837e+02,1.04235e+01,9.49642e+03
7.85000e+05,9.47730e-02,4.94241e-03,6.18471e+02,1.04239e+01,9.49588e+03
7.86000e+05,9.47743e-02,4.46671e-03,6.18458e+02,1.04201e+01,9.49534e+03
7.87000e+05,9.47405e-02,3.88751e-03,6.18789e+02,1.04236e+01,9.49480e+03
7.88000e+05,9.47939e-02,5.15374e-03,6.18266e+02,1.04238e+01,9.49426e+03
7.89000e+05,9.48481e-02,4.42991e-03,6.17736e+02,1.04242e+01,9.49372e+03
7.90000e+05,9.48626e-02,5.19130e-03,6.17594e+02,1.04238e+01,9.49318e+03
7.91000e+05,9.48716e-02,4.45199e-03,6.17507e+02,1.04216e+01,9.49264e+03
7.92000e+05,9.48707e-02,5.30401e-03,6.17515e+02,1.04238e+01,9.49210e+03
7.93000e+05,9.48882e-02,4.65487e-03,6.17345e+02,1.04251e+01,9.49157e+03
7.94000e+05,9.49470e-02,4.55598e-03,6.16771e+02,1.04237e+01,9.49103e+03
7.95000e+05,9.48734e-02,3.83930e-03,6.17489e+02,1.04234e+01,9.49049e+03
7.96000e+05,9.49418e-02,4.35824e-03,6.16822e+02,1.04236e+01,9.48996e+03
7.97000e+05,9.49149e-02,5.49385e-03,6.17084e+02,1.04239e+01,9.48942e+03
7.98000e+05,9.49445e-02,4.05614e-03,6.16796e+02,1.04274e+01,9.48889e+03
7.99000e+05,9.50230e-02,4.47439e-03,6.16031e+02,1.04235e+01,9.48836e+03
8.00000e+05,9.49575e-02,5.46661e-03,6.16669e+02,1.04242e+01,9.48782e+03
8.01000e+05,9.50513e-02,5.56371e-03,6.15757e+02,1.04240e+01,9.48729e+03
8.02000e+05,9.50398e-02,5.33674e-03,6.15868e+02,1.04241e+01,9.48676e+03
8.03000e+05,9.50196e-02,5.53524e-03,6.16065e+02,1.04233e+01,9.48623e+03
8.04000e+05,9.51099e-02,5.44441e-03,6.15187e+02,1.04235e+01,9.48570e+03
8.05000e+05,9.50457e-02,5.59076e-03,6.15811e+02,1.04205e+01,9.48517e+03
8.06000e+05,9.51286e-02,4.62477e-03,6.15006e+02,1.04239e+01,9.48464e+03
8.07000e+05,9.51620e-02,4.78232e-03,6.14682e+02,1.04229e+01,9.48411e+03
8.08000e+05,9.51311e-02,4.38448e-03,6.14982e+02,1.04235e+01,9.48359e+03
8.09000e+05,9.51777e-02,4.97015e-03,6.14531e+02,1.04237e+01,9.48306e+03
8.10000e+05,9.51982e-02,4.83440e-03,6.14332e+02,1.04244e+01,9.48253e+03
8.11000e+05,9.51557e-02,4.79824e-03,6.14743e+02,1.04237e+01,9.48201e+03
8.12000e+05,9.52494e-02,4.37522e-03,6.13837e+02,1.04246e+01,9.48148e+03
8.13000e+05,9.52483e-02,4.84946e-03,6.13847e+02,1.04238e+01,9.48096e+03
8.14000e+05,9.52045e-02,3.76204e-03,6.14271e+02,1.04249e+01,9.48043e+03
8.15000e+05,9.52347e-02,3.84777e-03,6.13978e+02,1.04237e+01,9.47991e+03
8.16000e+05,9.53147e-02,5.11490e-03,6.13206e+02,1.04234e+01,9.47939e+03
8.17000e+05,9.52634e-02,4.43912e-03,6.13701e+02,1.04236e+01,9.47886e+03
8.18000e+05,9.53459e-02,5.42661e-03,6.12905e+02,1.04239e+01,9.47834e+03
8.19000e+05,9.53707e-02,4.49370e-03,6.12666e+02,1.04233e+01,9.47782e+03
8.20000e+05,9.53228e-02,4.95078e-03,6.13127e+02,1.04235e+01,9.47730e+03
8.21000e+05,9.53999e-02,4.62486e-03,6.12385e+02,1.04231e+01,9.47678e+03
8.22000e+05,9.54078e-02,5.54469e-03,6.12309e+02,1.04241e+01,9.47626e+03
8.23000e+05,9.53846e-02,4.19329e-03,6.12532e+02,1.04240e+01,9.47574e+03
8.24000e+05,9.53943e-02,4.18390e-03,6.12439e+02,1.04230e+01,9.47522e+03
8.25000e+05,9.54811e-02,4.28157e-03,6.11603e+02,1.04236e+01,9.47470e+03
8.26000e+05,9.54132e-02,4.05903e-03,6.12256e+02,1.04235e+01,9.47419e+03
8.27000e+05,9.55093e-02,4.04406e-03,6.11333e+02,1.04239e+01,9.47367e+03
8.28000e+05,9.54512e-02,3.49533e-03,6.11891e+02,1.04234e+01,9.47315e+03
8.29000e+05,9.55344e-02,4.11769e-03,6.11092e+02,1.04234e+01,9.47264e+03
8.30000e+05,9.54944e-02,4.25409e-03,6.11475e+02,1.04238e+01,9.47212e+03
8.31000e+05,9.55073e-02,3.68918e-03,6.11352e+02,1.04249e+01,9.47161e+03
8.32000e+05,9.55984e-02,4.17474e-03,6.10478e+02,1.04237e+01,9.47110e+03
8.33000e+05,9.55495e-02,5.08172e-03,6.10947e+02,1.04272e+01,9.47058e+03
8.34000e+05,9.55810e-02,4.02366e-03,6.10645e+02,1.04238e+01,9.47007e+03
8.35000e+05,9.56131e-02,4.06584e-03,6.10337e+02,1.04244e+01,9.46956e+03
8.36000e+05,9.56393e-02,4.49387e-03,6.10087e+02,1.04236e+01,9.46905e+03
8.37000e+05,9.56306e-02,5.25908e-03,6.10170e+02,1.04235e+01,9.46854e+03
8.38000e+05,9.56953e-02,5.63560e-03,6.09551e+02,1.04228e+01,9.46803e+03
8.39000e+05,9.56791e-02,5.06023e-03,6.09706e+02,1.04239e+01,9.46752e+03
8.40000e+05,9.56550e-02,5.52710e-03,6.09937e+02,1.04196e+01,9.46701e+03
8.41000e+05,9.57370e-02,5.37296e-03,6.09153e+02,1.04235e+01,9.46650e+03
8.42000e+05,9.56849e-02,4.21692e-03,6.09650e+02,1.04234e+01,9.46599e+03
8.43000e+05,9.57275e-02,5.18729e-03,6.09244e+02,1.04242e+01,9.46548e+03
8.44000e+05,9.57392e-02,4.62122e-03,6.09132e+02,1.04239e+01,9.46498e+03
8.45000e+05,9.57360e-02,5.67969e-03,6.09163e+02,1.04235e+01,9.46447e+03
8.46000e+05,9.57730e-02,5.53767e-03,6.08810e+02,1.04236e+01,9.46396e+03
8.47000e+05,9.57755e-02,5.23081e-03,6.08785e+02,1.04271e+01,9.46346e+03
8.48000e+05,9.58560e-02,4.92508e-03,6.08019e+02,1.04239e+01,9.46295e+03
8.49000e+05,9.58837e-02,4.34229e-03,6.07756e+02,1.04235e+01,9.46245e+03
8.50000e+05,9.58099e-02,4.17510e-03,6.08458e+02,1.04234e+01,9.46194e+03
8.51000e+05,9.58691e-02,5.05042e-03,6.07894e+02,1.04237e+01,9.46144e+03
8.52000e+05,9.58498e-02,5.41331e-03,6.08078e+02,1.04258e+01,9.46094e+03
8.53000e+05,9.59392e-02,4.20658e-03,6.07228e+02,1.04237e+01,9.46044e+03
8.54000e+05,9.59217e-02,5.22728e-03,6.07394e+02,1.04226e+01,9.45993e+03
8.55000e+05,9.58979e-02,4.57120e-03,6.07621e+02,1.04239e+01,9.45943e+03
8.56000e+05,9.59265e-02,5.03538e-03,6.07349e+02,1.04241e+01,9.45893e+03
8.57000e+05,9.60216e-02,5.44663e-03,6.06447e+02,1.04237e+01,9.45843e+03
8.58000e+05,9.59510e-02,3.94289e-03,6.07116e+02,1.04235e+01,9.45793e+03
8.59000e+05,9.59667e-02,3.82423e-03,6.06968e+02,1.04194e+01,9.45743e+03
8.60000e+05,9.60012e-02,4.68894e-03,6.06641e+02,1.04240e+01,9.45694e+03
8.61000e+05,9.60139e-02,3.93239e-03,6.06520e+02,1.04232e+01,9.45644e+03
8.62000e+05,9.60068e-02,5.35098e-03,6.06587e+02,1.04235e+01,9.45594e+03
8.63000e+05,9.60695e-02,3.88701e-03,6.05993e+02,1.04235e+01,9.45544e+03
8.64000e+05,9.60440e-02,3.56795e-03,6.06235e+02,1.04243e+01,9.45495e+03
8.65000e+05,9.60844e-02,4.41957e-03,6.05852e+02,1.04239e+01,9.45445e+03
8.66000e+05,9.61213e-02,4.55412e-03,6.05504e+02,1.04269e+01,9.45396e+03
8.67000e+05,9.61715e-02,4.26814e-03,6.05029e+02,1.04237e+01,9.45346e+03
8.68000e+05,9.61814e-02,4.39426e-03,6.04936e+02,1.04249e+01,9.45297e+03
8.69000e+05,9.61383e-02,4.13713e-03,6.05343e+02,1.04239e+01,9.45247e+03
8.70000e+05,9.61424e-02,4.81792e-03,6.05304e+02,1.04237e+01,9.45198e+03
8.71000e+05,9.62115e-02,4.76597e-03,6.04653e+02,1.04230e+01,9.45149e+03
8.72000e+05,9.62413e-02,4.21123e-03,6.04371e+02,1.04238e+01,9.45100e+03
8.73000e+05,9.62178e-02,4.84275e-03,6.04593e+02,1.04219e+01,9.45051e+03
8.74000e+05,9.62805e-02,3.82711e-03,6.04002e+02,1.04236e+01,9.45001e+03
8.75000e+05,9.63025e-02,5.19146e-03,6.03795e+02,1.04228e+01,9.44952e+03
8.76000e+05,9.62461e-02,4.98317e-03,6.04326e+02,1.04238e+01,9.44903e+03
8.77000e+05,9.62689e-02,5.04063e-03,6.04112e+02,1.04241e+01,9.44854e+03
8.78000e+05,9.63392e-02,3.92181e-03,6.03450e+02,1.04237e+01,9.44806e+03
8.79000e+05,9.63685e-02,4.88820e-03,6.03175e+02,1.04235e+01,9.44757e+03
8.80000e+05,9.63122e-02,3.92625e-03,6.03704e+02,1.04235e+01,9.44708e+03
8.81000e+05,9.64140e-02,3.99763e-03,6.02748e+02,1.04239e+01,9.44659e+03
8.82000e+05,9.64203e-02,4.20030e-03,6.02690e+02,1.04242e+01,9.44610e+03
8.83000e+05,9.64207e-02,4.35378e-03,6.02686e+02,1.04234e+01,9.44562e+03
8.84000e+05,9.63752e-02,4.34931e-03,6.03113e+02,1.04235e+01,9.44513e+03
8.85000e+05,9.64511e-02,4.43477e-03,6.02400e+02,1.04248e+01,9.44465e+03
8.86000e+05,9.64653e-02,4.17753e-03,6.02267e+02,1.04238e+01,9.44416e+03
8.87000e+05,9.64573e-02,5.01136e-03,6.02342e+02,1.04271e+01,9.44368e+03
8.88000e+05,9.65240e-02,4.92896e-03,6.01719e+02,1.04236e+01,9.44319e+03
8.89000e+05,9.64443e-02,3.31874e-03,6.02464e+02,1.04241e+01,9.44271e+03
8.90000e+05,9.64745e-02,5.11335e-03,6.02182e+02,1.04240e+01,9.44223e+03
8.91000e+05,9.65227e-02,3.89968e-03,6.01730e+02,1.04236e+01,9.44174e+03
8.92000e+05,9.65055e-02,3.54191e-03,6.01892e+02,1.04224e+01,9.44126e+03
8.93000e+05,9.66007e-02,4.47175e-03,6.01002e+02,1.04238e+01,9.44078e+03
8.94000e+05,9.66172e-02,4.08674e-03,6.00848e+02,1.04211e+01,9.44030e+03
8.95000e+05,9.65468e-02,5.11120e-03,6.01505e+02,1.04237e+01,9.43982e+03
8.96000e+05,9.65890e-02,4.35176e-03,6.01111e+02,1.04230e+01,9.43934e+03
8.97000e+05,9.65797e-02,5.16192e-03,6.01198e+02,1.04240e+01,9.43886e+03
8.98000e+05,9.66740e-02,4.99853e-03,6.00318e+02,1.04240e+01,9.43838e+03
8.99000e+05,9.65968e-02,3.37510e-03,6.01038e+02,1.04241e+01,9.43790e+03
9.00000e+05,9.67158e-02,3.97872e-03,5.99930e+02,1.04236e+01,9.43742e+03
9.01000e+05,9.66463e-02,5.18791e-03,6.00576e+02,1.04269e+01,9.43695e+03
9.02000e+05,9.67326e-02,5.08261e-03,5.99773e+02,1.04240e+01,9.43647e+03
9.03000e+05,9.66988e-02,3.94153e-03,6.00087e+02,1.04240e+01,9.43599e+03
9.04000e+05,9.67295e-02,4.78299e-03,5.99802e+02,1.04232e+01,9.43552e+03
9.05000e+05,9.67511e-02,4.66112e-03,5.99601e+02,1.04236e+01,9.43504e+03
9.06000e+05,9.67943e-02,4.01438e-03,5.99199e+02,1.04247e+01,9.43457e+03
9.07000e+05,9.67298e-02,3.85427e-03,5.99799e+02,1.04239e+01,9.43409e+03
9.08000e+05,9.67813e-02,4.41454e-03,5.99321e+02,1.04205e+01,9.43362e+03
9.09000e+05,9.67702e-02,3.93805e-03,5.99424e+02,1.04236e+01,9.43314e+03
9.10000e+05,9.67942e-02,5.21705e-03,5.99200e+02,1.04241e+01,9.43267e+03
9.11000e+05,9.68365e-02,4.23150e-03,5.98808e+02,1.04239e+01,9.43220e+03
9.12000e+05,9.68663e-02,4.19033e-03,5.98532e+02,1.04237e+01,9.43173e+03
9.13000e+05,9.68201e-02,5.46717e-03,5.98960e+02,1.04215e+01,9.43125e+03
9.14000e+05,9.69259e-02,4.99612e-03,5.97980e+02,1.04238e+01,9.43078e+03
9.15000e+05,9.68817e-02,4.71952e-03,5.98389e+02,1.04249e+01,9.43031e+03
9.16000e+05,9.68933e-02,4.87828e-03,5.98281e+02,1.04235e+01,9.42984e+03
9.17000e+05,9.69738e-02,4.37752e-03,5.97537e+02,1.04233e+01,9.42937e+03
9.18000e+05,9.69162e-02,3.98958e-03,5.98069e+02,1.04240e+01,9.42890e+03
9.19000e+05,9.69113e-02,4.07786e-03,5.98115e+02,1.04240e+01,9.42843e+03
9.20000e+05,9.69473e-02,5.31167e-03,5.97782e+02,1.04277e+01,9.42797e+03
9.21000e+05,9.70327e-02,3.97860e-03,5.96993e+02,1.04235e+01,9.42750e+03
9.22000e+05,9.70383e-02,5.17433e-03,5.96941e+02,1.04244e+01,9.42703e+03
9.23000e+05,9.70697e-02,4.69168e-03,5.96651e+02,1.04240e+01,9.42656e+03
9.24000e+05,9.70143e-02,5.22214e-03,5.97162e+02,1.04239e+01,9.42610e+03
9.25000e+05,9.70454e-02,4.85553e-03,5.96876e+02,1.04231e+01,9.42563e+03
9.26000e+05,9.70788e-02,4.74862e-03,5.96568e+02,1.04236e+01,9.42516e+03
9.27000e+05,9.70933e-02,4.68484e-03,5.96434e+02,1.04191e+01,9.42470e+03
9.28000e+05,9.71186e-02,5.15959e-03,5.96201e+02,1.04238e+01,9.42423e+03
9.29000e+05,9.71492e-02,4.36470e-03,5.95919e+02,1.04223e+01,9.42377e+03
9.30000e+05,9.71376e-02,4.63762e-03,5.96025e+02,1.04237e+01,9.42331e+03
9.31000e+05,9.71370e-02,4.28703e-03,5.96032e+02,1.04239e+01,9.42284e+03
9.32000e+05,9.71516e-02,4.30199e-03,5.95897e+02,1.04243e+01,9.42238e+03
9.33000e+05,9.71586e-02,4.80667e-03,5.95832e+02,1.04237e+01,9.42192e+03
9.34000e+05,9.71560e-02,4.50421e-03,5.95856e+02,1.04269e+01,9.42146e+03
9.35000e+05,9.72245e-02,4.71183e-03,5.95227e+02,1.04239e+01,9.42099e+03
9.36000e+05,9.71923e-02,4.14115e-03,5.95523e+02,1.04245e+01,9.42053e+03
9.37000e+05,9.72534e-02,5.21504e-03,5.94961e+02,1.04236e+01,9.42007e+03
9.38000e+05,9.72411e-02,3.60692e-03,5.95074e+02,1.04234e+01,9.41961e+03
9.39000e+05,9.72484e-02,4.00143e-03,5.95008e+02,1.04238e+01,9.41915e+03
9.40000e+05,9.72769e-02,4.90839e-03,5.94746e+02,1.04240e+01,9.41869e+03
9.41000e+05,9.72959e-02,4.44030e-03,5.94572e+02,1.04253e+01,9.41823e+03
9.42000e+05,9.72998e-02,5.05286e-03,5.94536e+02,1.04236e+01,9.41778e+03
9.43000e+05,9.72953e-02,5.38609e-03,5.94577e+02,1.04237e+01,9.41732e+03
9.44000e+05,9.73797e-02,4.68053e-03,5.93804e+02,1.04241e+01,9.41686e+03
9.45000e+05,9.73524e-02,3.79917e-03,5.94054e+02,1.04239e+01,9.41640e+03
9.46000e+05,9.73993e-02,5.02812e-03,5.93625e+02,1.04225e+01,9.41595e+03
9.47000e+05,9.74194e-02,4.15418e-03,5.93442e+02,1.04236e+01,9.41549e+03
9.48000e+05,9.73657e-02,5.01280e-03,5.93932e+02,1.04204e+01,9.41503e+03
9.49000e+05,9.74425e-02,4.96790e-03,5.93231e+02,1.04238e+01,9.41458e+03
9.50000e+05,9.74857e-02,4.03294e-03,5.92836e+02,1.04232e+01,9.41412e+03
9.51000e+05,9.74436e-02,4.87783e-03,5.93220e+02,1.04236e+01,9.41367e+03
9.52000e+05,9.74323e-02,5.11171e-03,5.93324e+02,1.04239e+01,9.41322e+03
9.53000e+05,9.74425e-02,3.59143e-03,5.93231e+02,1.04249e+01,9.41276e+03
9.54000e+05,9.74694e-02,5.32749e-03,5.92985e+02,1.04236e+01,9.41231e+03
9.55000e+05,9.75643e-02,4.60415e-03,5.92120e+02,1.04270e+01,9.41186e+03
9.56000e+05,9.74830e-02,4.05021e-03,5.92861e+02,1.04239e+01,9.41140e+03
9.57000e+05,9.75678e-02,4.40716e-03,5.92088e+02,1.04244e+01,9.41095e+03
9.58000e+05,9.75750e-02,4.79042e-03,5.92023e+02,1.04235e+01,9.41050e+03
9.59000e+05,9.75464e-02,5.01904e-03,5.92283e+02,1.04234e+01,9.41005e+03
9.60000e+05,9.75494e-02,5.36795e-03,5.92256e+02,1.04237e+01,9.40960e+03
9.61000e+05,9.76397e-02,5.23495e-03,5.91434e+02,1.04239e+01,9.40915e+03
9.62000e+05,9.75688e-02,4.56789e-03,5.92079e+02,1.04206e+01,9.40870e+03
9.63000e+05,9.75821e-02,5.56584e-03,5.91958e+02,1.04235e+01,9.40825e+03
9.64000e+05,9.76231e-02,5.32893e-03,5.91585e+02,1.04235e+01,9.40780e+03
9.65000e+05,9.77053e-02,4.20017e-03,5.90838e+02,1.04242e+01,9.40735e+03
9.66000e+05,9.76547e-02,5.05432e-03,5.91298e+02,1.04238e+01,9.40691e+03
9.67000e+05,9.77129e-02,4.00591e-03,5.90770e+02,1.04223e+01,9.40646e+03
9.68000e+05,9.76903e-02,4.77150e-03,5.90975e+02,1.04237e+01,9.40601e+03
9.69000e+05,9.77573e-02,4.30604e-03,5.90367e+02,1.04263e+01,9.40556e+03
9.70000e+05,9.76985e-02,3.82484e-03,5.90900e+02,1.04238e+01,9.40512e+03
9.71000e+05,9.77813e-02,4.61883e-03,5.90150e+02,1.04233e+01,9.40467e+03
9.72000e+05,9.77516e-02,4.80633e-03,5.90419e+02,1.04236e+01,9.40423e+03
9.73000e+05,9.78320e-02,4.18823e-03,5.89691e+02,1.04239e+01,9.40378e+03
9.74000e+05,9.78278e-02,3.90697e-03,5.89729e+02,1.04267e+01,9.40334e+03
9.75000e+05,9.78649e-02,4.22881e-03,5.89394e+02,1.04237e+01,9.40289e+03
9.76000e+05,9.78098e-02,5.00969e-03,5.89892e+02,1.04226e+01,9.40245e+03
9.77000e+05,9.78470e-02,3.95760e-03,5.89555e+02,1.04239e+01,9.40201e+03
9.78000e+05,9.78236e-02,4.10404e-03,5.89767e+02,1.04242e+01,9.40156e+03
9.79000e+05,9.78593e-02,4.15245e-03,5.89445e+02,1.04233e+01,9.40112e+03
9.80000e+05,9.78691e-02,5.22152e-03,5.89356e+02,1.04235e+01,9.40068e+03
9.81000e+05,9.78633e-02,3.90463e-03,5.89408e+02,1.04200e+01,9.40024e+03
9.82000e+05,9.79265e-02,5.22464e-03,5.88837e+02,1.04239e+01,9.39980e+03
9.83000e+05,9.79616e-02,5.10968e-03,5.88521e+02,1.04229e+01,9.39936e+03
9.84000e+05,9.79315e-02,5.07455e-03,5.88793e+02,1.04235e+01,9.39892e+03
9.85000e+05,9.79447e-02,4.74971e-03,5.88674e+02,1.04237e+01,9.39848e+03
9.86000e+05,9.79686e-02,4.90809e-03,5.88459e+02,1.04244e+01,9.39804e+03
9.87000e+05,9.80422e-02,4.26238e-03,5.87796e+02,1.04238e+01,9.39760e+03
9.88000e+05,9.79911e-02,4.12651e-03,5.88256e+02,1.04291e+01,9.39716e+03
9.89000e+05,9.79802e-02,4.32334e-03,5.88354e+02,1.04236e+01,9.39672e+03
9.90000e+05,9.80571e-02,4.26141e-03,5.87662e+02,1.04251e+01,9.39628e+03
9.91000e+05,9.80179e-02,4.29874e-03,5.88015e+02,1.04237e+01,9.39584e+03
9.92000e+05,9.80654e-02,5.25201e-03,5.87587e+02,1.04234e+01,9.39541e+03
9.93000e+05,9.80234e-02,3.88103e-03,5.87965e+02,1.04235e+01,9.39497e+03
9.94000e+05,9.81283e-02,5.42618e-03,5.87022e+02,1.04239e+01,9.39453e+03
9.95000e+05,9.81241e-02,4.78068e-03,5.87060e+02,1.04203e+01,9.39410e+03
9.96000e+05,9.81061e-02,4.57486e-03,5.87221e+02,1.04236e+01,9.39366e+03
9.97000e+05,9.81169e-02,5.30323e-03,5.87125e+02,1.04231e+01,9.39323e+03
9.98000e+05,9.81737e-02,3.98287e-03,5.86615e+02,1.04240e+01,9.39279e+03
9.99000e+05,9.81793e-02,4.15995e-03,5.86565e+02,1.04240e+01,9.39236e+03
1.00000e+06,9.81788e-02,4.27131e-03,5.86570e+02,1.04236e+01,9.39192e+03
2.00000e+06,1.08875e-01,3.06262e-03,5.02292e+02,1.04235e+01,9.08304e+03
2.90000e+06,1.15021e-01,4.01613e-03,4.62573e+02,1.04241e+01,8.91362e+03
3.00000e+06,1.15633e-01,3.93909e-03,4.58904e+02,1.04240e+01,8.89479e+03
3.10000e+06,1.16270e-01,5.25859e-03,4.55137e+02,1.04183e+01,8.88110e+03
3.20000e+06,1.16653e-01,2.60651e-03,4.52901e+02,1.04236e+01,8.86740e+03
3.30000e+06,1.17350e-01,5.56245e-03,4.48873e+02,1.04234e+01,8.85371e+03
3.40000e+06,1.17845e-01,3.39649e-03,4.46046e+02,1.04228e+01,8.84001e+03
3.50000e+06,1.18210e-01,6.12832e-03,4.43982e+02,1.04238e+01,8.82632e+03
3.60000e+06,1.18666e-01,6.14174e-03,4.41427e+02,1.04252e+01,8.81263e+03
3.70000e+06,1.19146e-01,5.96455e-03,4.38763e+02,1.04238e+01,8.79893e+03
3.80000e+06,1.19803e-01,4.61505e-03,4.35157e+02,1.04237e+01,8.78524e+03
3.90000e+06,1.20157e-01,6.53660e-03,4.33236e+02,1.04233e+01,8.77154e+03
4.00000e+06,1.20564e-01,5.03432e-03,4.31044e+02,1.04236e+01,8.75785e+03
4.10000e+06,1.20973e-01,6.99877e-03,4.28856e+02,1.04237e+01,8.74703e+03
4.20000e+06,1.21594e-01,6.78866e-03,4.25575e+02,1.04242e+01,8.73622e+03
4.30000e+06,1.21984e-01,7.30244e-03,4.23539e+02,1.04239e+01,8.72540e+03
4.40000e+06,1.22192e-01,4.23732e-03,4.22455e+02,1.04222e+01,8.71458e+03
4.50000e+06,1.22728e-01,7.33224e-03,4.19690e+02,1.04235e+01,8.70377e+03
4.60000e+06,1.23181e-01,5.38786e-03,4.17379e+02,1.04234e+01,8.69295e+03
4.70000e+06,1.23392e-01,7.47464e-03,4.16309e+02,1.04238e+01,8.68213e+03
4.80000e+06,1.23936e-01,6.09534e-03,4.13572e+02,1.04239e+01,8.67132e+03
4.90000e+06,1.24350e-01,5.78762e-03,4.11506e+02,1.04247e+01,8.66050e+03
5.00000e+06,1.24719e-01,7.08121e-03,4.09684e+02,1.04237e+01,8.64968e+03
5.10000e+06,1.25094e-01,5.90555e-03,4.07843e+02,1.04235e+01,8.64072e+03
5.20000e+06,1.25488e-01,7.94689e-03,4.05922e+02,1.04217e+01,8.63175e+03
5.30000e+06,1.25703e-01,5.50420e-03,4.04884e+02,1.04238e+01,8.62279e+03
5.40000e+06,1.26143e-01,7.10560e-03,4.02765e+02,1.04246e+01,8.61382e+03
5.50000e+06,1.26342e-01,6.93819e-03,4.01814e+02,1.04240e+01,8.60486e+03
5.60000e+06,1.26639e-01,7.52286e-03,4.00403e+02,1.04238e+01,8.59589e+03
5.70000e+06,1.27154e-01,5.48034e-03,3.97973e+02,1.04299e+01,8.58693e+03
5.80000e+06,1.27239e-01,8.24559e-03,3.97573e+02,1.04235e+01,8.57796e+03
5.90000e+06,1.27784e-01,5.54724e-03,3.95031e+02,1.04232e+01,8.56900e+03
6.00000e+06,1.27892e-01,6.85112e-03,3.94531e+02,1.04239e+01,8.56003e+03
6.10000e+06,1.28408e-01,8.62692e-03,3.92156e+02,1.04239e+01,8.55237e+03
6.20000e+06,1.28494e-01,7.86337e-03,3.91763e+02,1.04213e+01,8.54470e+03
6.30000e+06,1.28761e-01,5.06300e-03,3.90543e+02,1.04235e+01,8.53703e+03
6.40000e+06,1.29363e-01,5.34007e-03,3.87822e+02,1.04235e+01,8.52936e+03
6.50000e+06,1.29524e-01,6.57792e-03,3.87096e+02,1.04234e+01,8.52169e+03
6.60000e+06,1.29854e-01,5.15367e-03,3.85625e+02,1.04239e+01,8.51402e+03
6.70000e+06,1.30197e-01,7.98787e-03,3.84100e+02,1.04242e+01,8.50635e+03
6.80000e+06,1.30475e-01,8.97268e-03,3.82875e+02,1.04234e+01,8.49868e+03
6.90000e+06,1.30633e-01,1.04032e-02,3.82180e+02,1.04235e+01,8.49101e+03
7.00000e+06,1.30965e-01,1.73558e-02,3.80729e+02,1.04218e+01,8.48334e+03
7.10000e+06,1.31202e-01,1.60404e-02,3.79695e+02,1.04239e+01,8.47663e+03
7.20000e+06,1.31520e-01,1.94582e-02,3.78318e+02,1.04238e+01,8.46991e+03
7.30000e+06,1.31876e-01,1.61566e-02,3.76788e+02,1.04233e+01,8.46320e+03
7.40000e+06,1.32089e-01,1.74939e-02,3.75875e+02,1.04236e+01,8.45649e+03
7.50000e+06,1.32381e-01,1.99146e-02,3.74633e+02,1.04183e+01,8.44978e+03
7.60000e+06,1.32375e-01,1.91668e-02,3.74661e+02,1.04239e+01,8.44307e+03
7.70000e+06,1.32897e-01,1.73606e-02,3.72454e+02,1.04237e+01,8.43636e+03
7.80000e+06,1.32872e-01,1.43149e-02,3.72559e+02,1.04231e+01,8.42965e+03
7.90000e+06,1.33133e-01,1.73912e-02,3.71463e+02,1.04237e+01,8.42294e+03
8.00000e+06,1.33401e-01,1.56534e-02,3.70344e+02,1.04237e+01,8.41622e+03
8.10000e+06,1.33620e-01,1.80762e-02,3.69434e+02,1.04238e+01,8.41025e+03
8.20000e+06,1.33972e-01,1.82300e-02,3.67979e+02,1.04234e+01,8.40428e+03
8.30000e+06,1.34259e-01,1.76807e-02,3.66803e+02,1.04231e+01,8.39831e+03
8.40000e+06,1.34618e-01,1.74390e-02,3.65334e+02,1.04238e+01,8.39234e+03
8.50000e+06,1.34667e-01,1.73048e-02,3.65135e+02,1.04247e+01,8.38636e+03
8.60000e+06,1.34984e-01,1.84747e-02,3.63849e+02,1.04237e+01,8.38039e+03
8.70000e+06,1.35300e-01,1.92604e-02,3.62578e+02,1.04235e+01,8.37442e+03
8.80000e+06,1.35384e-01,1.89925e-02,3.62239e+02,1.04221e+01,8.36845e+03
8.90000e+06,1.35508e-01,1.95836e-02,3.61741e+02,1.04239e+01,8.36247e+03
9.00000e+06,1.35821e-01,1.90679e-02,3.60494e+02,1.04243e+01,8.35650e+03
9.10000e+06,1.35981e-01,1.54488e-02,3.59857e+02,1.04234e+01,8.35112e+03
9.20000e+06,1.36172e-01,2.03914e-02,3.59101e+02,1.04235e+01,8.34573e+03
9.30000e+06,1.36592e-01,2.10987e-02,3.57445e+02,1.04179e+01,8.34035e+03
9.40000e+06,1.36553e-01,1.51223e-02,3.57599e+02,1.04239e+01,8.33497e+03
9.50000e+06,1.37092e-01,1.84741e-02,3.55491e+02,1.04238e+01,8.32958e+03
9.60000e+06,1.37158e-01,1.94492e-02,3.55234e+02,1.04232e+01,8.32420e+03
9.70000e+06,1.37296e-01,2.01313e-02,3.54698e+02,1.04237e+01,8.31881e+03
9.80000e+06,1.37420e-01,2.05750e-02,3.54217e+02,1.04219e+01,8.31343e+03
9.90000e+06,1.37874e-01,1.86156e-02,3.52469e+02,1.04237e+01,8.30804e+03
1.00000e+07,1.37889e-01,1.88288e-02,3.52413e+02,1.04235e+01,8.30266e+03
1.01000e+07,1.37999e-01,1.66514e-02,3.51993e+02,1.04230e+01,8.29776e+03
1.02000e+07,1.38364e-01,1.95484e-02,3.50598e+02,1.04239e+01,8.29285e+03
1.03000e+07,1.38519e-01,2.12048e-02,3.50012e+02,1.04243e+01,8.28794e+03
1.04000e+07,1.38609e-01,1.97892e-02,3.49672e+02,1.04235e+01,8.28304e+03
