#time,a_sat,e_sat,n_sat,n_p,Omega_p
0.00000e+00,3.10610e-02,9.62190e-04,1.54655e+03,4.88786e+00,1.10157e+04
1.00000e+02,3.10928e-02,8.92227e-04,1.54418e+03,4.89698e+00,1.10134e+04
2.00000e+02,3.11260e-02,9.31116e-04,1.54171e+03,4.89774e+00,1.10112e+04
3.00000e+02,3.11589e-02,9.43351e-04,1.53927e+03,4.89801e+00,1.10090e+04
4.00000e+02,3.11902e-02,9.30938e-04,1.53695e+03,4.89546e+00,1.10067e+04
5.00000e+02,3.12228e-02,9.57381e-04,1.53454e+03,4.89822e+00,1.10045e+04
6.00000e+02,3.12549e-02,9.89985e-04,1.53218e+03,4.89739e+00,1.10024e+04
7.00000e+02,3.12868e-02,9.83971e-04,1.52983e+03,4.89719e+00,1.10002e+04
8.00000e+02,3.13179e-02,9.99396e-04,1.52756e+03,4.90367e+00,1.09980e+04
9.00000e+02,3.13493e-02,9.42251e-04,1.52526e+03,4.89715e+00,1.09959e+04
1.00000e+03,3.13800e-02,1.04346e-03,1.52302e+03,4.89786e+00,1.09937e+04
2.00000e+03,3.16844e-02,9.73099e-04,1.50113e+03,4.89818e+00,1.09731e+04
3.00000e+03,3.19722e-02,1.03370e-03,1.48091e+03,4.89754e+00,1.09535e+04
4.00000e+03,3.22475e-02,1.05653e-03,1.46199e+03,4.89785e+00,1.09350e+04
5.00000e+03,3.25094e-02,1.11465e-03,1.44436e+03,4.89675e+00,1.09174e+04
6.00000e+03,3.27601e-02,1.11060e-03,1.42780e+03,4.89719e+00,1.09006e+04
7.00000e+03,3.30009e-02,1.06648e-03,1.41221e+03,4.90834e+00,1.08845e+04
8.00000e+03,3.32325e-02,1.04987e-03,1.39747e+03,4.89731e+00,1.08691e+04
9.00000e+03,3.34567e-02,1.13099e-03,1.38345e+03,4.89647e+00,1.08543e+04
1.00000e+04,3.36705e-02,1.20399e-03,1.37029e+03,4.89763e+00,1.08401e+04
1.10000e+04,3.38799e-02,1.21792e-03,1.35761e+03,4.89790e+00,1.08265e+04
1.20000e+04,3.40797e-02,1.15760e-03,1.34568e+03,4.90012e+00,1.08133e+04
1.30000e+04,3.42743e-02,1.12420e-03,1.33424e+03,4.89802e+00,1.08006e+04
1.40000e+04,3.44642e-02,1.22590e-03,1.32323e+03,4.89524e+00,1.07883e+04
1.50000e+04,3.46464e-02,1.17335e-03,1.31281e+03,4.89783e+00,1.07764e+04
1.60000e+04,3.48256e-02,1.26497e-03,1.30268e+03,4.89800e+00,1.07648e+04
1.70000e+04,3.49972e-02,1.23738e-03,1.29312e+03,4.89706e+00,1.07536e+04
1.80000e+04,3.51664e-02,1.24637e-03,1.28379e+03,4.89721e+00,1.07428e+04
1.90000e+04,3.53299e-02,1.24894e-03,1.27489e+03,4.89608e+00,1.07322e+04
2.00000e+04,3.54894e-02,1.41026e-03,1.26631e+03,4.89734e+00,1.07219e+04
2.10000e+04,3.56465e-02,1.38777e-03,1.25794e+03,4.90129e+00,1.07119e+04
2.20000e+04,3.57984e-02,1.25939e-03,1.24995e+03,4.89756e+00,1.07022e+04
2.30000e+04,3.59470e-02,1.28741e-03,1.24220e+03,4.89744e+00,1.06927e+04
2.40000e+04,3.60940e-02,1.43350e-03,1.23462e+03,4.89811e+00,1.06834e+04
2.50000e+04,3.62358e-02,1.40598e-03,1.22738e+03,4.89775e+00,1.06744e+04
2.60000e+04,3.63758e-02,1.36342e-03,1.22030e+03,4.90020e+00,1.06656e+04
2.70000e+04,3.65114e-02,1.49455e-03,1.21351e+03,4.89788e+00,1.06569e+04
2.80000e+04,3.66451e-02,1.45392e-03,1.20688e+03,4.89660e+00,1.06485e+04
2.90000e+04,3.67756e-02,1.53027e-03,1.20046e+03,4.89773e+00,1.06402e+04
3.00000e+04,3.69054e-02,1.45804e-03,1.19413e+03,4.89780e+00,1.06321e+04
3.10000e+04,3.70312e-02,1.42848e-03,1.18805e+03,4.89698e+00,1.06242e+04
3.20000e+04,3.71552e-02,1.54490e-03,1.18211e+03,4.89729e+00,1.06165e+04
3.30000e+04,3.72748e-02,1.53252e-03,1.17643e+03,4.89234e+00,1.06089e+04
3.40000e+04,3.73951e-02,1.56915e-03,1.17075e+03,4.89713e+00,1.06014e+04
3.50000e+04,3.75128e-02,1.49682e-03,1.16524e+03,4.89600e+00,1.05941e+04
3.60000e+04,3.76272e-02,1.60941e-03,1.15994e+03,4.89775e+00,1.05869e+04
3.70000e+04,3.77397e-02,1.52897e-03,1.15475e+03,4.89790e+00,1.05799e+04
3.80000e+04,3.78509e-02,1.48605e-03,1.14967e+03,4.89871e+00,1.05730e+04
3.90000e+04,3.79620e-02,1.53744e-03,1.14463e+03,4.89803e+00,1.05662e+04
4.00000e+04,3.80687e-02,1.68376e-03,1.13982e+03,4.89499e+00,1.05595e+04
4.10000e+04,3.81745e-02,1.46632e-03,1.13508e+03,4.89792e+00,1.05529e+04
4.20000e+04,3.82804e-02,1.63736e-03,1.13038e+03,4.89696e+00,1.05465e+04
4.30000e+04,3.83835e-02,1.69432e-03,1.12582e+03,4.89717e+00,1.05401e+04
4.40000e+04,3.84835e-02,1.58269e-03,1.12144e+03,4.89742e+00,1.05339e+04
4.50000e+04,3.85833e-02,1.74169e-03,1.11709e+03,4.89653e+00,1.05277e+04
4.60000e+04,3.86841e-02,1.60737e-03,1.11273e+03,4.89722e+00,1.05217e+04
4.70000e+04,3.87807e-02,1.67786e-03,1.10857e+03,4.90270e+00,1.05157e+04
4.80000e+04,3.88765e-02,1.69581e-03,1.10447e+03,4.89758e+00,1.05098e+04
4.90000e+04,3.89712e-02,1.63543e-03,1.10045e+03,4.89771e+00,1.05040e+04
5.00000e+04,3.90644e-02,1.75039e-03,1.09652e+03,4.89775e+00,1.04983e+04
5.10000e+04,3.91574e-02,1.76843e-03,1.09261e+03,4.89778e+00,1.04927e+04
5.20000e+04,3.92463e-02,1.74499e-03,1.08890e+03,4.89917e+00,1.04872e+04
5.30000e+04,3.93361e-02,1.80639e-03,1.08518e+03,4.89798e+00,1.04817e+04
5.40000e+04,3.94259e-02,1.73830e-03,1.08147e+03,4.88617e+00,1.04763e+04
5.50000e+04,3.95135e-02,1.72403e-03,1.07788e+03,4.89777e+00,1.04710e+04
5.60000e+04,3.95987e-02,1.86241e-03,1.07440e+03,4.89829e+00,1.04658e+04
5.70000e+04,3.96826e-02,1.90791e-03,1.07099e+03,4.89732e+00,1.04606e+04
5.80000e+04,3.97689e-02,1.79596e-03,1.06751e+03,4.89703e+00,1.04555e+04
5.90000e+04,3.98514e-02,1.77919e-03,1.06420e+03,4.89486e+00,1.04504e+04
6.00000e+04,3.99346e-02,1.83206e-03,1.06087e+03,4.89721e+00,1.04455e+04
6.10000e+04,4.00165e-02,1.81346e-03,1.05762e+03,4.90954e+00,1.04405e+04
6.20000e+04,4.00980e-02,1.80290e-03,1.05439e+03,4.89752e+00,1.04357e+04
6.30000e+04,4.01750e-02,1.89894e-03,1.05136e+03,4.89820e+00,1.04309e+04
6.40000e+04,4.02560e-02,1.86629e-03,1.04819e+03,4.89834e+00,1.04261e+04
6.50000e+04,4.03324e-02,1.83191e-03,1.04522e+03,4.89802e+00,1.04214e+04
6.60000e+04,4.04094e-02,1.85409e-03,1.04223e+03,4.89997e+00,1.04168e+04
6.70000e+04,4.04849e-02,1.87408e-03,1.03931e+03,4.89789e+00,1.04122e+04
6.80000e+04,4.05605e-02,1.93360e-03,1.03641e+03,4.89040e+00,1.04077e+04
6.90000e+04,4.06354e-02,1.98767e-03,1.03355e+03,4.89744e+00,1.04032e+04
7.00000e+04,4.07100e-02,1.81964e-03,1.03071e+03,4.89702e+00,1.03988e+04
7.10000e+04,4.07826e-02,1.88687e-03,1.02796e+03,4.89688e+00,1.03944e+04
7.20000e+04,4.08554e-02,1.73743e-03,1.02521e+03,4.89737e+00,1.03901e+04
7.30000e+04,4.09272e-02,1.93226e-03,1.02251e+03,4.89496e+00,1.03858e+04
7.40000e+04,4.10002e-02,1.90018e-03,1.01979e+03,4.89736e+00,1.03816e+04
7.50000e+04,4.10682e-02,2.01001e-03,1.01725e+03,4.90213e+00,1.03774e+04
7.60000e+04,4.11381e-02,1.86472e-03,1.01466e+03,4.89772e+00,1.03732e+04
7.70000e+04,4.12074e-02,1.96572e-03,1.01210e+03,4.89777e+00,1.03691e+04
7.80000e+04,4.12746e-02,2.03652e-03,1.00963e+03,4.89832e+00,1.03651e+04
7.90000e+04,4.13459e-02,1.90585e-03,1.00702e+03,4.89807e+00,1.03610e+04
8.00000e+04,4.14121e-02,1.89845e-03,1.00461e+03,4.90303e+00,1.03570e+04
8.10000e+04,4.14788e-02,1.90722e-03,1.00219e+03,4.89792e+00,1.03531e+04
8.20000e+04,4.15459e-02,1.97965e-03,9.99758e+02,4.89565e+00,1.03492e+04
8.30000e+04,4.16111e-02,1.94144e-03,9.97408e+02,4.89731e+00,1.03453e+04
8.40000e+04,4.16759e-02,2.04945e-03,9.95084e+02,4.89708e+00,1.03415e+04
8.50000e+04,4.17392e-02,2.07955e-03,9.92823e+02,4.89658e+00,1.03377e+04
8.60000e+04,4.18017e-02,2.09895e-03,9.90597e+02,4.89702e+00,1.03339e+04
8.70000e+04,4.18652e-02,2.14306e-03,9.88342e+02,4.89374e+00,1.03302e+04
8.80000e+04,4.19277e-02,2.14260e-03,9.86133e+02,4.89760e+00,1.03265e+04
8.90000e+04,4.19906e-02,2.01736e-03,9.83919e+02,4.90070e+00,1.03228e+04
9.00000e+04,4.20528e-02,2.05000e-03,9.81736e+02,4.89804e+00,1.03192e+04
9.10000e+04,4.21143e-02,2.07347e-03,9.79585e+02,4.89811e+00,1.03156e+04
9.20000e+04,4.21734e-02,2.00604e-03,9.77527e+02,4.89880e+00,1.03121e+04
9.30000e+04,4.22329e-02,2.13707e-03,9.75463e+02,4.89799e+00,1.03085e+04
9.40000e+04,4.22932e-02,2.01974e-03,9.73379e+02,4.90587e+00,1.03050e+04
9.50000e+04,4.23519e-02,2.20990e-03,9.71354e+02,4.89747e+00,1.03016e+04
9.60000e+04,4.24100e-02,2.16453e-03,9.69358e+02,4.89629e+00,1.02981e+04
9.70000e+04,4.24692e-02,2.04693e-03,9.67333e+02,4.89728e+00,1.02947e+04
9.80000e+04,4.25283e-02,2.17175e-03,9.65316e+02,4.89710e+00,1.02913e+04
9.90000e+04,4.25863e-02,2.12466e-03,9.63346e+02,4.89640e+00,1.02880e+04
1.00000e+05,4.26423e-02,2.20276e-03,9.61450e+02,4.89735e+00,1.02846e+04
1.01000e+05,4.26973e-02,2.13429e-03,9.59590e+02,4.89168e+00,1.02813e+04
1.02000e+05,4.27556e-02,2.17805e-03,9.57631e+02,4.89749e+00,1.02780e+04
1.03000e+05,4.28077e-02,2.08082e-03,9.55881e+02,4.89823e+00,1.02748e+04
1.04000e+05,4.28661e-02,2.14504e-03,9.53930e+02,4.89815e+00,1.02716e+04
1.05000e+05,4.29192e-02,2.02855e-03,9.52159e+02,4.89824e+00,1.02684e+04
1.06000e+05,4.29740e-02,2.13943e-03,9.50339e+02,4.89918e+00,1.02652e+04
1.07000e+05,4.30293e-02,2.12383e-03,9.48507e+02,4.89795e+00,1.02620e+04
1.08000e+05,4.30843e-02,2.14774e-03,9.46691e+02,4.89005e+00,1.02589e+04
1.09000e+05,4.31366e-02,2.24644e-03,9.44972e+02,4.89751e+00,1.02558e+04
1.10000e+05,4.31901e-02,2.22612e-03,9.43215e+02,4.89590e+00,1.02527e+04
1.11000e+05,4.32423e-02,2.27802e-03,9.41509e+02,4.89676e+00,1.02497e+04
1.12000e+05,4.32946e-02,2.19870e-03,9.39802e+02,4.89709e+00,1.02466e+04
1.13000e+05,4.33440e-02,2.24662e-03,9.38197e+02,4.89602e+00,1.02436e+04
1.14000e+05,4.33994e-02,2.21256e-03,9.36400e+02,4.89741e+00,1.02406e+04
1.15000e+05,4.34482e-02,2.07849e-03,9.34822e+02,4.90480e+00,1.02377e+04
1.16000e+05,4.35000e-02,2.22193e-03,9.33153e+02,4.89795e+00,1.02347e+04
1.17000e+05,4.35502e-02,2.30244e-03,9.31540e+02,4.89854e+00,1.02318e+04
1.18000e+05,4.36014e-02,2.34565e-03,9.29901e+02,4.89826e+00,1.02289e+04
1.19000e+05,4.36494e-02,2.13072e-03,9.28366e+02,4.89804e+00,1.02260e+04
1.20000e+05,4.36989e-02,2.29735e-03,9.26789e+02,4.89963e+00,1.02232e+04
1.21000e+05,4.37476e-02,2.17111e-03,9.25243e+02,4.89769e+00,1.02203e+04
1.22000e+05,4.37982e-02,2.29193e-03,9.23638e+02,4.88644e+00,1.02175e+04
1.23000e+05,4.38455e-02,2.24114e-03,9.22146e+02,4.89733e+00,1.02147e+04
1.24000e+05,4.38945e-02,2.31662e-03,9.20601e+02,4.89719e+00,1.02119e+04
1.25000e+05,4.39446e-02,2.31768e-03,9.19029e+02,4.89720e+00,1.02091e+04
1.26000e+05,4.39902e-02,2.29425e-03,9.17601e+02,4.89707e+00,1.02064e+04
1.27000e+05,4.40395e-02,2.33592e-03,9.16058e+02,4.89296e+00,1.02036e+04
1.28000e+05,4.40873e-02,2.37061e-03,9.14571e+02,4.89750e+00,1.02009e+04
1.29000e+05,4.41335e-02,2.39078e-03,9.13135e+02,4.90359e+00,1.01982e+04
1.30000e+05,4.41773e-02,2.44475e-03,9.11776e+02,4.89797e+00,1.01956e+04
1.31000e+05,4.42272e-02,2.29585e-03,9.10234e+02,4.89859e+00,1.01929e+04
1.32000e+05,4.42707e-02,2.21188e-03,9.08891e+02,4.89844e+00,1.01903e+04
1.33000e+05,4.43178e-02,2.45883e-03,9.07445e+02,4.89810e+00,1.01876e+04
1.34000e+05,4.43628e-02,2.39962e-03,9.06064e+02,4.90183e+00,1.01850e+04
1.35000e+05,4.44067e-02,2.31231e-03,9.04719e+02,4.89745e+00,1.01824e+04
1.36000e+05,4.44521e-02,2.40319e-03,9.03334e+02,4.89329e+00,1.01798e+04
1.37000e+05,4.44975e-02,2.43303e-03,9.01951e+02,4.89712e+00,1.01773e+04
1.38000e+05,4.45436e-02,2.43964e-03,9.00552e+02,4.89663e+00,1.01747e+04
1.39000e+05,4.45870e-02,2.38632e-03,8.99239e+02,4.89661e+00,1.01722e+04
1.40000e+05,4.46301e-02,2.51969e-03,8.97937e+02,4.89745e+00,1.01697e+04
1.41000e+05,4.46733e-02,2.50847e-03,8.96634e+02,4.89183e+00,1.01672e+04
1.42000e+05,4.47171e-02,2.35400e-03,8.95317e+02,4.89776e+00,1.01647e+04
1.43000e+05,4.47601e-02,2.50904e-03,8.94027e+02,4.90041e+00,1.01622e+04
1.44000e+05,4.48031e-02,2.29698e-03,8.92741e+02,4.89808e+00,1.01598e+04
1.45000e+05,4.48476e-02,2.31525e-03,8.91411e+02,4.89827e+00,1.01573e+04
1.46000e+05,4.48883e-02,2.48072e-03,8.90198e+02,4.89804e+00,1.01549e+04
1.47000e+05,4.49321e-02,2.51369e-03,8.88900e+02,4.89774e+00,1.01525e+04
1.48000e+05,4.49742e-02,2.49566e-03,8.87649e+02,4.90715e+00,1.01501e+04
1.49000e+05,4.50157e-02,2.31227e-03,8.86423e+02,4.89756e+00,1.01477e+04
1.50000e+05,4.50571e-02,2.54583e-03,8.85203e+02,4.89551e+00,1.01453e+04
1.51000e+05,4.51002e-02,2.49574e-03,8.83932e+02,4.89709e+00,1.01430e+04
1.52000e+05,4.51394e-02,2.53079e-03,8.82781e+02,4.89697e+00,1.01406e+04
1.53000e+05,4.51819e-02,2.37890e-03,8.81538e+02,4.89671e+00,1.01383e+04
1.54000e+05,4.52245e-02,2.52023e-03,8.80290e+02,4.89727e+00,1.01360e+04
1.55000e+05,4.52610e-02,2.55879e-03,8.79227e+02,4.89317e+00,1.01337e+04
1.56000e+05,4.53023e-02,2.65806e-03,8.78025e+02,4.89797e+00,1.01314e+04
1.57000e+05,4.53433e-02,2.48431e-03,8.76834e+02,4.89977e+00,1.01291e+04
1.58000e+05,4.53833e-02,2.59841e-03,8.75674e+02,4.89819e+00,1.01268e+04
1.59000e+05,4.54241e-02,2.58299e-03,8.74496e+02,4.89821e+00,1.01246e+04
1.60000e+05,4.54632e-02,2.53838e-03,8.73369e+02,4.89877e+00,1.01223e+04
1.61000e+05,4.55067e-02,2.46270e-03,8.72115e+02,4.89766e+00,1.01201e+04
1.62000e+05,4.55436e-02,2.49237e-03,8.71057e+02,4.90806e+00,1.01179e+04
1.63000e+05,4.55818e-02,2.41390e-03,8.69962e+02,4.89711e+00,1.01157e+04
1.64000e+05,4.56226e-02,2.58890e-03,8.68795e+02,4.89624e+00,1.01135e+04
1.65000e+05,4.56619e-02,2.49497e-03,8.67673e+02,4.89722e+00,1.01113e+04
1.66000e+05,4.57008e-02,2.52756e-03,8.66567e+02,4.89721e+00,1.01091e+04
1.67000e+05,4.57388e-02,2.59526e-03,8.65487e+02,4.89705e+00,1.01069e+04
1.68000e+05,4.57754e-02,2.54680e-03,8.64449e+02,4.89770e+00,1.01048e+04
1.69000e+05,4.58140e-02,2.64558e-03,8.63355e+02,4.90172e+00,1.01026e+04
1.70000e+05,4.58529e-02,2.44435e-03,8.62258e+02,4.89791e+00,1.01005e+04
1.71000e+05,4.58896e-02,2.63551e-03,8.61224e+02,4.89867e+00,1.00984e+04
1.72000e+05,4.59251e-02,2.57726e-03,8.60223e+02,4.89787e+00,1.00963e+04
1.73000e+05,4.59626e-02,2.60313e-03,8.59171e+02,4.89799e+00,1.00942e+04
1.74000e+05,4.60019e-02,2.57967e-03,8.58071e+02,4.89899e+00,1.00921e+04
1.75000e+05,4.60354e-02,2.48528e-03,8.57134e+02,4.89756e+00,1.00900e+04
1.76000e+05,4.60723e-02,2.73099e-03,8.56106e+02,4.89290e+00,1.00879e+04
1.77000e+05,4.61097e-02,2.62944e-03,8.55064e+02,4.89729e+00,1.00859e+04
1.78000e+05,4.61474e-02,2.60941e-03,8.54015e+02,4.89624e+00,1.00838e+04
1.79000e+05,4.61848e-02,2.56646e-03,8.52979e+02,4.89686e+00,1.00818e+04
1.80000e+05,4.62179e-02,2.51282e-03,8.52064e+02,4.89727e+00,1.00798e+04
1.81000e+05,4.62581e-02,2.66069e-03,8.50952e+02,4.89676e+00,1.00777e+04
1.82000e+05,4.62925e-02,2.68270e-03,8.50005e+02,4.89785e+00,1.00757e+04
1.83000e+05,4.63288e-02,2.66816e-03,8.49005e+02,4.90220e+00,1.00737e+04
1.84000e+05,4.63623e-02,2.58265e-03,8.48085e+02,4.89809e+00,1.00718e+04
1.85000e+05,4.63993e-02,2.55714e-03,8.47071e+02,4.89862e+00,1.00698e+04
1.86000e+05,4.64335e-02,2.76410e-03,8.46136e+02,4.89806e+00,1.00678e+04
1.87000e+05,4.64664e-02,2.68748e-03,8.45236e+02,4.89760e+00,1.00658e+04
1.88000e+05,4.65010e-02,2.60497e-03,8.44294e+02,4.89978e+00,1.00639e+04
1.89000e+05,4.65356e-02,2.61922e-03,8.43353e+02,4.89733e+00,1.00619e+04
1.90000e+05,4.65708e-02,2.77152e-03,8.42398e+02,4.89243e+00,1.00600e+04
1.91000e+05,4.66092e-02,2.71662e-03,8.41357e+02,4.89714e+00,1.00581e+04
1.92000e+05,4.66435e-02,2.70170e-03,8.40428e+02,4.89715e+00,1.00562e+04
1.93000e+05,4.66774e-02,2.60507e-03,8.39511e+02,4.89783e+00,1.00542e+04
1.94000e+05,4.67090e-02,2.70740e-03,8.38660e+02,4.89748e+00,1.00523e+04
1.95000e+05,4.67420e-02,2.69747e-03,8.37771e+02,4.88969e+00,1.00505e+04
1.96000e+05,4.67788e-02,2.71618e-03,8.36783e+02,4.89788e+00,1.00486e+04
1.97000e+05,4.68090e-02,2.78607e-03,8.35974e+02,4.90035e+00,1.00467e+04
1.98000e+05,4.68435e-02,2.68139e-03,8.35052e+02,4.89791e+00,1.00448e+04
1.99000e+05,4.68757e-02,2.76773e-03,8.34192e+02,4.89816e+00,1.00430e+04
2.00000e+05,4.69104e-02,2.78049e-03,8.33267e+02,4.89799e+00,1.00411e+04
2.01000e+05,4.69436e-02,2.71798e-03,8.32381e+02,4.89778e+00,1.00393e+04
2.02000e+05,4.69800e-02,2.74683e-03,8.31414e+02,4.90378e+00,1.00374e+04
2.03000e+05,4.70075e-02,2.62698e-03,8.30686e+02,4.89717e+00,1.00356e+04
2.04000e+05,4.70406e-02,2.81087e-03,8.29809e+02,4.89520e+00,1.00338e+04
2.05000e+05,4.70766e-02,2.81894e-03,8.28856e+02,4.89721e+00,1.00320e+04
2.06000e+05,4.71092e-02,2.71837e-03,8.27997e+02,4.89694e+00,1.00302e+04
2.07000e+05,4.71429e-02,2.75262e-03,8.27108e+02,4.89745e+00,1.00284e+04
2.08000e+05,4.71700e-02,2.91083e-03,8.26397e+02,4.89787e+00,1.00266e+04
2.09000e+05,4.72027e-02,2.76154e-03,8.25538e+02,4.88385e+00,1.00248e+04
2.10000e+05,4.72339e-02,2.72767e-03,8.24719e+02,4.89802e+00,1.00230e+04
2.11000e+05,4.72651e-02,2.82864e-03,8.23903e+02,4.89944e+00,1.00213e+04
2.12000e+05,4.73018e-02,2.80574e-03,8.22944e+02,4.89789e+00,1.00195e+04
2.13000e+05,4.73330e-02,2.70297e-03,8.22131e+02,4.89788e+00,1.00178e+04
2.14000e+05,4.73646e-02,2.74527e-03,8.21309e+02,4.89678e+00,1.00160e+04
2.15000e+05,4.73940e-02,2.89849e-03,8.20545e+02,4.89731e+00,1.00143e+04
2.16000e+05,4.74241e-02,2.76761e-03,8.19763e+02,4.90249e+00,1.00125e+04
2.17000e+05,4.74550e-02,2.75367e-03,8.18963e+02,4.89735e+00,1.00108e+04
2.18000e+05,4.74886e-02,2.86268e-03,8.18093e+02,4.89660e+00,1.00091e+04
2.19000e+05,4.75161e-02,2.90164e-03,8.17382e+02,4.89749e+00,1.00074e+04
2.20000e+05,4.75496e-02,2.72146e-03,8.16520e+02,4.89739e+00,1.00057e+04
2.21000e+05,4.75812e-02,2.76496e-03,8.15707e+02,4.89761e+00,1.00040e+04
2.22000e+05,4.76128e-02,2.73490e-03,8.14894e+02,4.89774e+00,1.00023e+04
2.23000e+05,4.76377e-02,2.98869e-03,8.14257e+02,4.89398e+00,1.00006e+04
2.24000e+05,4.76703e-02,2.87837e-03,8.13422e+02,4.89791e+00,9.99895e+03
2.25000e+05,4.76992e-02,2.73146e-03,8.12682e+02,4.89877e+00,9.99728e+03
2.26000e+05,4.77314e-02,2.88039e-03,8.11859e+02,4.89787e+00,9.99561e+03
2.27000e+05,4.77634e-02,2.93705e-03,8.11043e+02,4.89776e+00,9.99396e+03
2.28000e+05,4.77899e-02,2.80092e-03,8.10369e+02,4.89722e+00,9.99231e+03
2.29000e+05,4.78212e-02,2.82936e-03,8.09574e+02,4.89730e+00,9.99066e+03
2.30000e+05,4.78490e-02,2.75213e-03,8.08868e+02,4.89960e+00,9.98902e+03
2.31000e+05,4.78806e-02,2.76656e-03,8.08068e+02,4.89708e+00,9.98739e+03
2.32000e+05,4.79118e-02,2.95364e-03,8.07277e+02,4.89675e+00,9.98577e+03
2.33000e+05,4.79356e-02,2.83587e-03,8.06678e+02,4.89786e+00,9.98415e+03
2.34000e+05,4.79657e-02,2.77388e-03,8.05918e+02,4.89775e+00,9.98253e+03
2.35000e+05,4.79996e-02,2.83368e-03,8.05066e+02,4.89887e+00,9.98093e+03
2.36000e+05,4.80252e-02,2.78476e-03,8.04422e+02,4.89798e+00,9.97933e+03
2.37000e+05,4.80532e-02,2.70876e-03,8.03717e+02,4.90156e+00,9.97773e+03
2.38000e+05,4.80823e-02,3.01345e-03,8.02988e+02,4.89792e+00,9.97614e+03
2.39000e+05,4.81138e-02,2.87590e-03,8.02200e+02,4.89783e+00,9.97456e+03
2.40000e+05,4.81399e-02,2.92091e-03,8.01549e+02,4.89705e+00,9.97298e+03
2.41000e+05,4.81712e-02,2.91454e-03,8.00768e+02,4.89755e+00,9.97141e+03
2.42000e+05,4.81973e-02,2.96918e-03,8.00116e+02,4.89822e+00,9.96984e+03
2.43000e+05,4.82301e-02,2.91462e-03,7.99299e+02,4.89726e+00,9.96828e+03
2.44000e+05,4.82538e-02,2.85799e-03,7.98712e+02,4.89651e+00,9.96673e+03
2.45000e+05,4.82849e-02,2.99163e-03,7.97941e+02,4.89756e+00,9.96518e+03
2.46000e+05,4.83131e-02,2.99711e-03,7.97242e+02,4.89703e+00,9.96363e+03
2.47000e+05,4.83398e-02,2.88546e-03,7.96580e+02,4.89759e+00,9.96209e+03
2.48000e+05,4.83644e-02,3.06957e-03,7.95973e+02,4.89776e+00,9.96056e+03
2.49000e+05,4.83931e-02,3.02897e-03,7.95264e+02,4.89860e+00,9.95903e+03
2.50000e+05,4.84239e-02,3.02204e-03,7.94506e+02,4.89797e+00,9.95751e+03
2.51000e+05,4.84530e-02,2.87570e-03,7.93791e+02,4.89924e+00,9.95600e+03
2.52000e+05,4.84806e-02,2.90966e-03,7.93112e+02,4.89785e+00,9.95449e+03
2.53000e+05,4.85069e-02,3.01190e-03,7.92469e+02,4.89812e+00,9.95298e+03
2.54000e+05,4.85313e-02,3.10241e-03,7.91870e+02,4.89705e+00,9.95148e+03
2.55000e+05,4.85633e-02,3.00977e-03,7.91089e+02,4.89715e+00,9.94998e+03
2.56000e+05,4.85862e-02,3.06402e-03,7.90529e+02,4.90416e+00,9.94849e+03
2.57000e+05,4.86177e-02,2.94834e-03,7.89760e+02,4.89723e+00,9.94701e+03
2.58000e+05,4.86398e-02,2.84011e-03,7.89223e+02,4.89584e+00,9.94553e+03
2.59000e+05,4.86659e-02,2.84161e-03,7.88587e+02,4.89754e+00,9.94405e+03
2.60000e+05,4.86978e-02,2.88173e-03,7.87814e+02,4.89777e+00,9.94258e+03
2.61000e+05,4.87210e-02,2.97475e-03,7.87251e+02,4.89886e+00,9.94112e+03
2.62000e+05,4.87478e-02,3.07235e-03,7.86601e+02,4.89789e+00,9.93966e+03
2.63000e+05,4.87777e-02,3.07127e-03,7.85877e+02,4.88566e+00,9.93820e+03
2.64000e+05,4.88002e-02,3.16425e-03,7.85336e+02,4.89787e+00,9.93675e+03
2.65000e+05,4.88314e-02,3.02069e-03,7.84581e+02,4.89822e+00,9.93531e+03
2.66000e+05,4.88542e-02,3.02483e-03,7.84032e+02,4.89739e+00,9.93387e+03
2.67000e+05,4.88842e-02,3.09362e-03,7.83310e+02,4.89752e+00,9.93243e+03
2.68000e+05,4.89058e-02,2.91796e-03,7.82792e+02,4.89684e+00,9.93100e+03
2.69000e+05,4.89340e-02,3.06699e-03,7.82115e+02,4.89741e+00,9.92957e+03
2.70000e+05,4.89587e-02,3.04377e-03,7.81523e+02,4.90852e+00,9.92815e+03
2.71000e+05,4.89849e-02,3.08676e-03,7.80896e+02,4.89732e+00,9.92673e+03
2.72000e+05,4.90115e-02,2.90009e-03,7.80261e+02,4.89669e+00,9.92532e+03
2.73000e+05,4.90375e-02,3.15218e-03,7.79640e+02,4.89772e+00,9.92391e+03
2.74000e+05,4.90668e-02,3.06952e-03,7.78942e+02,4.89762e+00,9.92251e+03
2.75000e+05,4.90892e-02,2.92993e-03,7.78409e+02,4.89929e+00,9.92111e+03
2.76000e+05,4.91172e-02,2.91543e-03,7.77744e+02,4.89801e+00,9.91972e+03
2.77000e+05,4.91405e-02,3.01103e-03,7.77190e+02,4.88681e+00,9.91833e+03
2.78000e+05,4.91689e-02,2.94918e-03,7.76517e+02,4.89794e+00,9.91694e+03
2.79000e+05,4.91929e-02,2.97086e-03,7.75949e+02,4.89810e+00,9.91556e+03
2.80000e+05,4.92192e-02,3.11447e-03,7.75327e+02,4.89716e+00,9.91419e+03
2.81000e+05,4.92449e-02,3.16783e-03,7.74722e+02,4.89731e+00,9.91281e+03
2.82000e+05,4.92654e-02,3.13381e-03,7.74237e+02,4.89483e+00,9.91145e+03
2.83000e+05,4.92926e-02,2.96285e-03,7.73598e+02,4.89712e+00,9.91008e+03
2.84000e+05,4.93209e-02,3.02491e-03,7.72930e+02,4.89811e+00,9.90872e+03
2.85000e+05,4.93433e-02,3.12601e-03,7.72406e+02,4.89766e+00,9.90737e+03
2.86000e+05,4.93656e-02,3.17499e-03,7.71880e+02,4.89779e+00,9.90602e+03
2.87000e+05,4.93926e-02,3.18042e-03,7.71248e+02,4.89818e+00,9.90467e+03
2.88000e+05,4.94144e-02,3.24095e-03,7.70739e+02,4.89787e+00,9.90333e+03
2.89000e+05,4.94418e-02,3.13677e-03,7.70096e+02,4.89964e+00,9.90199e+03
2.90000e+05,4.94678e-02,3.16936e-03,7.69492e+02,4.89793e+00,9.90065e+03
2.91000e+05,4.94904e-02,2.89647e-03,7.68964e+02,4.89380e+00,9.89932e+03
2.92000e+05,4.95170e-02,3.11094e-03,7.68344e+02,4.89748e+00,9.89800e+03
2.93000e+05,4.95419e-02,3.02214e-03,7.67765e+02,4.89786e+00,9.89668e+03
2.94000e+05,4.95640e-02,3.15191e-03,7.67251e+02,4.89719e+00,9.89536e+03
2.95000e+05,4.95918e-02,3.10745e-03,7.66607e+02,4.89726e+00,9.89404e+03
2.96000e+05,4.96090e-02,2.95371e-03,7.66207e+02,4.89354e+00,9.89273e+03
2.97000e+05,4.96390e-02,3.15307e-03,7.65514e+02,4.89735e+00,9.89143e+03
2.98000e+05,4.96626e-02,3.06768e-03,7.64968e+02,4.89812e+00,9.89013e+03
2.99000e+05,4.96853e-02,3.09717e-03,7.64443e+02,4.89745e+00,9.88883e+03
3.00000e+05,4.97055e-02,2.91350e-03,7.63976e+02,4.89768e+00,9.88753e+03
3.01000e+05,4.97330e-02,3.05541e-03,7.63344e+02,4.89864e+00,9.88624e+03
3.02000e+05,4.97555e-02,3.04406e-03,7.62825e+02,4.89806e+00,9.88495e+03
3.03000e+05,4.97786e-02,3.02547e-03,7.62295e+02,4.90132e+00,9.88367e+03
3.04000e+05,4.98027e-02,3.25646e-03,7.61742e+02,4.89793e+00,9.88239e+03
3.05000e+05,4.98237e-02,3.36473e-03,7.61260e+02,4.89855e+00,9.88112e+03
3.06000e+05,4.98542e-02,3.36873e-03,7.60562e+02,4.89742e+00,9.87984e+03
3.07000e+05,4.98714e-02,3.07952e-03,7.60167e+02,4.89700e+00,9.87858e+03
3.08000e+05,4.98958e-02,3.31600e-03,7.59611e+02,4.89607e+00,9.87731e+03
3.09000e+05,4.99183e-02,3.35839e-03,7.59098e+02,4.89725e+00,9.87605e+03
3.10000e+05,4.99470e-02,3.22348e-03,7.58444e+02,4.89783e+00,9.87479e+03
3.11000e+05,4.99668e-02,3.28112e-03,7.57992e+02,4.89744e+00,9.87354e+03
3.12000e+05,4.99878e-02,3.28468e-03,7.57515e+02,4.89838e+00,9.87229e+03
3.13000e+05,5.00157e-02,3.14824e-03,7.56880e+02,4.89802e+00,9.87104e+03
3.14000e+05,5.00388e-02,3.20676e-03,7.56357e+02,4.89777e+00,9.86980e+03
3.15000e+05,5.00613e-02,3.20126e-03,7.55847e+02,4.89874e+00,9.86856e+03
3.16000e+05,5.00868e-02,3.15294e-03,7.55270e+02,4.89794e+00,9.86733e+03
3.17000e+05,5.01027e-02,3.04824e-03,7.54911e+02,4.89556e+00,9.86609e+03
3.18000e+05,5.01294e-02,3.16865e-03,7.54307e+02,4.89769e+00,9.86486e+03
3.19000e+05,5.01483e-02,3.05086e-03,7.53880e+02,4.89741e+00,9.86364e+03
3.20000e+05,5.01755e-02,3.25129e-03,7.53268e+02,4.89730e+00,9.86242e+03
3.21000e+05,5.01979e-02,3.10005e-03,7.52765e+02,4.89744e+00,9.86120e+03
3.22000e+05,5.02193e-02,3.24518e-03,7.52283e+02,4.89617e+00,9.85998e+03
3.23000e+05,5.02425e-02,3.19631e-03,7.51763e+02,4.89714e+00,9.85877e+03
3.24000e+05,5.02614e-02,3.29780e-03,7.51339e+02,4.91149e+00,9.85756e+03
3.25000e+05,5.02883e-02,3.16342e-03,7.50735e+02,4.89752e+00,9.85636e+03
3.26000e+05,5.03076e-02,3.33986e-03,7.50303e+02,4.89788e+00,9.85515e+03
3.27000e+05,5.03282e-02,3.22508e-03,7.49843e+02,4.89815e+00,9.85396e+03
3.28000e+05,5.03553e-02,3.22547e-03,7.49238e+02,4.89816e+00,9.85276e+03
3.29000e+05,5.03771e-02,3.21732e-03,7.48750e+02,4.90015e+00,9.85157e+03
3.30000e+05,5.03949e-02,3.19156e-03,7.48354e+02,4.89801e+00,9.85038e+03
3.31000e+05,5.04224e-02,3.14663e-03,7.47743e+02,4.88927e+00,9.84919e+03
3.32000e+05,5.04444e-02,3.15021e-03,7.47253e+02,4.89740e+00,9.84801e+03
3.33000e+05,5.04622e-02,3.31290e-03,7.46858e+02,4.89700e+00,9.84683e+03
3.34000e+05,5.04858e-02,3.33819e-03,7.46333e+02,4.89689e+00,9.84566e+03
3.35000e+05,5.05082e-02,3.38718e-03,7.45837e+02,4.89709e+00,9.84448e+03
3.36000e+05,5.05314e-02,3.33629e-03,7.45323e+02,4.89510e+00,9.84331e+03
3.37000e+05,5.05477e-02,3.40850e-03,7.44963e+02,4.89750e+00,9.84215e+03
3.38000e+05,5.05744e-02,3.24788e-03,7.44373e+02,4.90645e+00,9.84098e+03
3.39000e+05,5.05949e-02,3.27027e-03,7.43921e+02,4.89774e+00,9.83982e+03
3.40000e+05,5.06161e-02,3.32263e-03,7.43454e+02,4.89782e+00,9.83866e+03
3.41000e+05,5.06338e-02,3.19337e-03,7.43065e+02,4.89832e+00,9.83751e+03
3.42000e+05,5.06570e-02,3.38792e-03,7.42555e+02,4.89803e+00,9.83636e+03
3.43000e+05,5.06765e-02,3.41431e-03,7.42125e+02,4.90118e+00,9.83521e+03
3.44000e+05,5.07012e-02,3.31700e-03,7.41583e+02,4.89775e+00,9.83406e+03
3.45000e+05,5.07243e-02,3.28474e-03,7.41077e+02,4.89363e+00,9.83292e+03
3.46000e+05,5.07445e-02,3.24296e-03,7.40634e+02,4.89754e+00,9.83178e+03
3.47000e+05,5.07614e-02,3.12253e-03,7.40265e+02,4.89700e+00,9.83065e+03
3.48000e+05,5.07841e-02,3.43984e-03,7.39769e+02,4.89663e+00,9.82951e+03
3.49000e+05,5.08079e-02,3.26236e-03,7.39249e+02,4.89715e+00,9.82838e+03
3.50000e+05,5.08261e-02,3.44276e-03,7.38850e+02,4.89181e+00,9.82725e+03
3.51000e+05,5.08470e-02,3.29177e-03,7.38396e+02,4.89731e+00,9.82613e+03
3.52000e+05,5.08740e-02,3.53485e-03,7.37808e+02,4.89958e+00,9.82501e+03
3.53000e+05,5.08951e-02,3.41816e-03,7.37349e+02,4.89807e+00,9.82389e+03
3.54000e+05,5.09107e-02,3.21287e-03,7.37010e+02,4.89835e+00,9.82277e+03
3.55000e+05,5.09341e-02,3.26444e-03,7.36503e+02,4.89871e+00,9.82166e+03
3.56000e+05,5.09557e-02,3.43573e-03,7.36035e+02,4.89803e+00,9.82055e+03
3.57000e+05,5.09788e-02,3.33846e-03,7.35535e+02,4.90318e+00,9.81944e+03
3.58000e+05,5.10000e-02,3.38749e-03,7.35076e+02,4.89760e+00,9.81833e+03
3.59000e+05,5.10145e-02,3.40584e-03,7.34761e+02,4.89422e+00,9.81723e+03
3.60000e+05,5.10350e-02,3.36834e-03,7.34318e+02,4.89702e+00,9.81613e+03
3.61000e+05,5.10570e-02,3.43340e-03,7.33845e+02,4.89724e+00,9.81503e+03
3.62000e+05,5.10826e-02,3.48823e-03,7.33294e+02,4.89684e+00,9.81394e+03
3.63000e+05,5.10948e-02,3.20241e-03,7.33031e+02,4.89730e+00,9.81285e+03
3.64000e+05,5.11198e-02,3.41485e-03,7.32494e+02,4.88814e+00,9.81176e+03
3.65000e+05,5.11366e-02,3.51091e-03,7.32133e+02,4.89769e+00,9.81067e+03
3.66000e+05,5.11576e-02,3.39682e-03,7.31681e+02,4.89882e+00,9.80959e+03
3.67000e+05,5.11823e-02,3.51331e-03,7.31151e+02,4.89799e+00,9.80851e+03
3.68000e+05,5.11964e-02,3.51723e-03,7.30849e+02,4.89817e+00,9.80743e+03
3.69000e+05,5.12226e-02,3.31022e-03,7.30289e+02,4.89876e+00,9.80635e+03
3.70000e+05,5.12403e-02,3.46663e-03,7.29911e+02,4.89794e+00,9.80528e+03
3.71000e+05,5.12587e-02,3.42480e-03,7.29518e+02,4.89833e+00,9.80421e+03
3.72000e+05,5.12802e-02,3.33840e-03,7.29059e+02,4.89755e+00,9.80314e+03
3.73000e+05,5.13041e-02,3.35661e-03,7.28549e+02,4.89687e+00,9.80208e+03
3.74000e+05,5.13233e-02,3.52455e-03,7.28140e+02,4.89712e+00,9.80102e+03
3.75000e+05,5.13424e-02,3.51480e-03,7.27735e+02,4.89681e+00,9.79996e+03
3.76000e+05,5.13585e-02,3.49609e-03,7.27391e+02,4.89531e+00,9.79890e+03
3.77000e+05,5.13759e-02,3.21595e-03,7.27023e+02,4.89737e+00,9.79784e+03
3.78000e+05,5.14037e-02,3.52879e-03,7.26434e+02,4.90008e+00,9.79679e+03
3.79000e+05,5.14180e-02,3.53845e-03,7.26130e+02,4.89789e+00,9.79574e+03
3.80000e+05,5.14374e-02,3.28792e-03,7.25719e+02,4.89896e+00,9.79469e+03
3.81000e+05,5.14562e-02,3.57242e-03,7.25322e+02,4.89832e+00,9.79365e+03
3.82000e+05,5.14806e-02,3.42828e-03,7.24807e+02,4.89814e+00,9.79260e+03
3.83000e+05,5.15026e-02,3.37142e-03,7.24342e+02,4.89918e+00,9.79156e+03
3.84000e+05,5.15142e-02,3.20396e-03,7.24098e+02,4.89758e+00,9.79053e+03
3.85000e+05,5.15362e-02,3.50369e-03,7.23634e+02,4.88899e+00,9.78949e+03
3.86000e+05,5.15566e-02,3.55023e-03,7.23203e+02,4.89731e+00,9.78846e+03
3.87000e+05,5.15770e-02,3.51317e-03,7.22774e+02,4.89658e+00,9.78743e+03
3.88000e+05,5.15987e-02,3.48482e-03,7.22318e+02,4.89694e+00,9.78640e+03
3.89000e+05,5.16157e-02,3.67867e-03,7.21962e+02,4.89730e+00,9.78537e+03
3.90000e+05,5.16312e-02,3.59465e-03,7.21638e+02,4.89582e+00,9.78435e+03
3.91000e+05,5.16509e-02,3.47828e-03,7.21225e+02,4.89746e+00,9.78333e+03
3.92000e+05,5.16686e-02,3.54140e-03,7.20854e+02,4.90531e+00,9.78231e+03
3.93000e+05,5.16902e-02,3.60952e-03,7.20403e+02,4.89794e+00,9.78130e+03
3.94000e+05,5.17100e-02,3.42584e-03,7.19989e+02,4.89857e+00,9.78028e+03
3.95000e+05,5.17312e-02,3.42365e-03,7.19545e+02,4.89817e+00,9.77927e+03
3.96000e+05,5.17469e-02,3.37160e-03,7.19219e+02,4.89803e+00,9.77826e+03
3.97000e+05,5.17666e-02,3.52507e-03,7.18808e+02,4.90207e+00,9.77725e+03
3.98000e+05,5.17898e-02,3.53308e-03,7.18325e+02,4.89774e+00,9.77625e+03
3.99000e+05,5.18102e-02,3.58655e-03,7.17901e+02,4.89308e+00,9.77525e+03
4.00000e+05,5.18271e-02,3.47620e-03,7.17549e+02,4.89706e+00,9.77425e+03
4.01000e+05,5.18408e-02,3.34223e-03,7.17265e+02,4.89667e+00,9.77325e+03
4.02000e+05,5.18641e-02,3.41315e-03,7.16782e+02,4.89682e+00,9.77225e+03
4.03000e+05,5.18818e-02,3.52591e-03,7.16415e+02,4.89715e+00,9.77126e+03
4.04000e+05,5.19016e-02,3.56896e-03,7.16005e+02,4.89340e+00,9.77027e+03
4.05000e+05,5.19211e-02,3.60352e-03,7.15601e+02,4.89788e+00,9.76928e+03
4.06000e+05,5.19357e-02,3.61295e-03,7.15300e+02,4.90224e+00,9.76829e+03
4.07000e+05,5.19571e-02,3.49646e-03,7.14857e+02,4.89809e+00,9.76731e+03
4.08000e+05,5.19772e-02,3.54026e-03,7.14443e+02,4.89830e+00,9.76632e+03
4.09000e+05,5.19933e-02,3.43739e-03,7.14111e+02,4.89824e+00,9.76534e+03
4.10000e+05,5.20116e-02,3.66161e-03,7.13736e+02,4.89780e+00,9.76436e+03
4.11000e+05,5.20321e-02,3.60616e-03,7.13314e+02,4.90460e+00,9.76339e+03
4.12000e+05,5.20471e-02,3.40875e-03,7.13004e+02,4.89735e+00,9.76241e+03
4.13000e+05,5.20694e-02,3.62220e-03,7.12547e+02,4.89537e+00,9.76144e+03
4.14000e+05,5.20824e-02,3.68344e-03,7.12279e+02,4.89730e+00,9.76047e+03
4.15000e+05,5.21026e-02,3.63907e-03,7.11865e+02,4.89694e+00,9.75951e+03
4.16000e+05,5.21196e-02,3.61195e-03,7.11517e+02,4.89690e+00,9.75854e+03
4.17000e+05,5.21382e-02,3.54587e-03,7.11137e+02,4.89741e+00,9.75758e+03
4.18000e+05,5.21606e-02,3.56233e-03,7.10678e+02,4.88801e+00,9.75662e+03
4.19000e+05,5.21797e-02,3.61990e-03,7.10289e+02,4.89776e+00,9.75566e+03
4.20000e+05,5.21985e-02,3.51026e-03,7.09904e+02,4.89962e+00,9.75470e+03
4.21000e+05,5.22134e-02,3.53576e-03,7.09602e+02,4.89805e+00,9.75374e+03
4.22000e+05,5.22294e-02,3.52828e-03,7.09275e+02,4.89831e+00,9.75279e+03
4.23000e+05,5.22443e-02,3.51976e-03,7.08972e+02,4.89863e+00,9.75184e+03
4.24000e+05,5.22703e-02,3.52962e-03,7.08442e+02,4.89771e+00,9.75089e+03
4.25000e+05,5.22809e-02,3.71495e-03,7.08226e+02,4.90597e+00,9.74994e+03
4.26000e+05,5.22999e-02,3.50035e-03,7.07840e+02,4.89726e+00,9.74900e+03
4.27000e+05,5.23188e-02,3.68429e-03,7.07458e+02,4.89514e+00,9.74806e+03
4.28000e+05,5.23352e-02,3.72473e-03,7.07125e+02,4.89687e+00,9.74711e+03
4.29000e+05,5.23570e-02,3.38466e-03,7.06684e+02,4.89718e+00,9.74618e+03
4.30000e+05,5.23732e-02,3.75427e-03,7.06356e+02,4.89769e+00,9.74524e+03
4.31000e+05,5.23879e-02,3.75961e-03,7.06059e+02,4.89771e+00,9.74430e+03
4.32000e+05,5.24117e-02,3.59787e-03,7.05577e+02,4.89341e+00,9.74337e+03
4.33000e+05,5.24233e-02,3.51830e-03,7.05343e+02,4.89800e+00,9.74244e+03
4.34000e+05,5.24437e-02,3.64230e-03,7.04931e+02,4.89902e+00,9.74151e+03
4.35000e+05,5.24571e-02,3.65208e-03,7.04663e+02,4.89801e+00,9.74058e+03
4.36000e+05,5.24757e-02,3.70166e-03,7.04287e+02,4.89782e+00,9.73966e+03
4.37000e+05,5.24969e-02,3.53497e-03,7.03861e+02,4.89807e+00,9.73873e+03
4.38000e+05,5.25155e-02,3.72131e-03,7.03486e+02,4.89759e+00,9.73781e+03
4.39000e+05,5.25275e-02,3.71010e-03,7.03245e+02,4.89299e+00,9.73689e+03
4.40000e+05,5.25480e-02,3.71712e-03,7.02833e+02,4.89722e+00,9.73597e+03
4.41000e+05,5.25625e-02,3.75187e-03,7.02542e+02,4.89671e+00,9.73506e+03
4.42000e+05,5.25810e-02,3.61269e-03,7.02173e+02,4.89740e+00,9.73414e+03
4.43000e+05,5.25992e-02,3.46698e-03,7.01807e+02,4.89712e+00,9.73323e+03
4.44000e+05,5.26154e-02,3.67441e-03,7.01483e+02,4.89530e+00,9.73232e+03
4.45000e+05,5.26413e-02,3.66488e-03,7.00967e+02,4.89779e+00,9.73141e+03
4.46000e+05,5.26570e-02,3.57689e-03,7.00652e+02,4.90023e+00,9.73051e+03
4.47000e+05,5.26680e-02,3.75539e-03,7.00434e+02,4.89803e+00,9.72960e+03
4.48000e+05,5.26900e-02,3.69274e-03,6.99996e+02,4.89868e+00,9.72870e+03
4.49000e+05,5.27029e-02,3.82230e-03,6.99738e+02,4.89815e+00,9.72780e+03
4.50000e+05,5.27169e-02,3.62266e-03,6.99460e+02,4.89794e+00,9.72690e+03
4.51000e+05,5.27399e-02,3.81677e-03,6.99002e+02,4.89763e+00,9.72600e+03
4.52000e+05,5.27571e-02,3.76216e-03,6.98660e+02,4.89718e+00,9.72511e+03
4.53000e+05,5.27759e-02,3.71775e-03,6.98286e+02,4.89220e+00,9.72421e+03
4.54000e+05,5.27873e-02,3.65206e-03,6.98059e+02,4.89718e+00,9.72332e+03
4.55000e+05,5.28034e-02,3.86012e-03,6.97741e+02,4.89673e+00,9.72243e+03
4.56000e+05,5.28278e-02,3.71301e-03,6.97258e+02,4.89744e+00,9.72154e+03
4.57000e+05,5.28364e-02,3.79774e-03,6.97087e+02,4.89770e+00,9.72065e+03
4.58000e+05,5.28571e-02,3.84337e-03,6.96678e+02,4.89479e+00,9.71977e+03
4.59000e+05,5.28774e-02,3.58669e-03,6.96277e+02,4.89785e+00,9.71889e+03
4.60000e+05,5.28898e-02,3.63729e-03,6.96032e+02,4.90109e+00,9.71800e+03
4.61000e+05,5.29107e-02,3.73532e-03,6.95619e+02,4.89790e+00,9.71712e+03
4.62000e+05,5.29285e-02,3.75376e-03,6.95269e+02,4.89817e+00,9.71625e+03
4.63000e+05,5.29436e-02,3.72436e-03,6.94972e+02,4.89748e+00,9.71537e+03
4.64000e+05,5.29611e-02,3.77620e-03,6.94627e+02,4.89761e+00,9.71449e+03
4.65000e+05,5.29743e-02,3.74533e-03,6.94367e+02,4.90581e+00,9.71362e+03
4.66000e+05,5.29970e-02,3.65185e-03,6.93922e+02,4.89740e+00,9.71275e+03
4.67000e+05,5.30040e-02,3.93219e-03,6.93784e+02,4.89567e+00,9.71188e+03
4.68000e+05,5.30216e-02,3.76097e-03,6.93439e+02,4.89719e+00,9.71101e+03
4.69000e+05,5.30406e-02,3.83233e-03,6.93065e+02,4.89698e+00,9.71015e+03
4.70000e+05,5.30614e-02,3.73280e-03,6.92658e+02,4.89750e+00,9.70928e+03
4.71000e+05,5.30759e-02,3.76053e-03,6.92374e+02,4.89763e+00,9.70842e+03
4.72000e+05,5.30955e-02,3.85891e-03,6.91991e+02,4.89017e+00,9.70756e+03
4.73000e+05,5.31071e-02,3.67054e-03,6.91765e+02,4.89802e+00,9.70670e+03
4.74000e+05,5.31208e-02,3.71951e-03,6.91497e+02,4.89999e+00,9.70584e+03
4.75000e+05,5.31358e-02,3.97105e-03,6.91204e+02,4.89805e+00,9.70498e+03
4.76000e+05,5.31612e-02,3.79439e-03,6.90709e+02,4.89793e+00,9.70413e+03
4.77000e+05,5.31708e-02,3.83374e-03,6.90522e+02,4.89702e+00,9.70328e+03
4.78000e+05,5.31867e-02,3.91092e-03,6.90212e+02,4.89736e+00,9.70242e+03
4.79000e+05,5.32054e-02,3.64767e-03,6.89848e+02,4.91184e+00,9.70157e+03
4.80000e+05,5.32214e-02,3.74649e-03,6.89538e+02,4.89712e+00,9.70073e+03
4.81000e+05,5.32404e-02,3.69478e-03,6.89168e+02,4.89633e+00,9.69988e+03
4.82000e+05,5.32530e-02,3.60916e-03,6.88923e+02,4.89770e+00,9.69903e+03
4.83000e+05,5.32720e-02,3.85569e-03,6.88556e+02,4.89750e+00,9.69819e+03
4.84000e+05,5.32830e-02,3.86058e-03,6.88342e+02,4.89801e+00,9.69735e+03
4.85000e+05,5.33037e-02,3.85233e-03,6.87941e+02,4.89781e+00,9.69651e+03
4.86000e+05,5.33219e-02,3.84611e-03,6.87589e+02,4.89173e+00,9.69567e+03
4.87000e+05,5.33301e-02,3.94969e-03,6.87430e+02,4.89793e+00,9.69483e+03
4.88000e+05,5.33542e-02,3.77004e-03,6.86964e+02,4.89836e+00,9.69400e+03
4.89000e+05,5.33635e-02,3.91497e-03,6.86785e+02,4.89756e+00,9.69316e+03
4.90000e+05,5.33830e-02,3.77006e-03,6.86409e+02,4.89790e+00,9.69233e+03
4.91000e+05,5.33955e-02,3.96589e-03,6.86168e+02,4.89749e+00,9.69150e+03
4.92000e+05,5.34109e-02,3.67226e-03,6.85871e+02,4.89729e+00,9.69067e+03
4.93000e+05,5.34323e-02,3.82184e-03,6.85458e+02,4.90213e+00,9.68984e+03
4.94000e+05,5.34461e-02,3.91436e-03,6.85194e+02,4.89730e+00,9.68902e+03
4.95000e+05,5.34583e-02,3.83124e-03,6.84959e+02,4.89629e+00,9.68819e+03
4.96000e+05,5.34733e-02,4.03191e-03,6.84671e+02,4.89731e+00,9.68737e+03
4.97000e+05,5.34987e-02,3.68571e-03,6.84183e+02,4.89768e+00,9.68654e+03
4.98000e+05,5.35054e-02,4.00958e-03,6.84055e+02,4.89980e+00,9.68572e+03
4.99000e+05,5.35275e-02,3.77377e-03,6.83631e+02,4.89800e+00,9.68491e+03
5.00000e+05,5.35435e-02,3.86680e-03,6.83325e+02,4.89899e+00,9.68409e+03
5.01000e+05,5.35516e-02,4.00533e-03,6.83170e+02,4.89797e+00,9.68327e+03
5.02000e+05,5.35700e-02,3.81333e-03,6.82817e+02,4.89840e+00,9.68246e+03
5.03000e+05,5.35841e-02,4.02376e-03,6.82548e+02,4.89728e+00,9.68164e+03
5.04000e+05,5.36046e-02,3.80789e-03,6.82157e+02,4.89726e+00,9.68083e+03
5.05000e+05,5.36151e-02,3.74009e-03,6.81956e+02,4.89678e+00,9.68002e+03
5.06000e+05,5.36378e-02,3.77162e-03,6.81523e+02,4.89731e+00,9.67921e+03
5.07000e+05,5.36493e-02,3.67126e-03,6.81305e+02,4.89645e+00,9.67841e+03
5.08000e+05,5.36632e-02,3.94463e-03,6.81040e+02,4.89744e+00,9.67760e+03
5.09000e+05,5.36754e-02,3.65543e-03,6.80807e+02,4.89741e+00,9.67680e+03
5.10000e+05,5.36956e-02,3.86807e-03,6.80424e+02,4.89809e+00,9.67599e+03
5.11000e+05,5.37116e-02,3.69923e-03,6.80118e+02,4.89764e+00,9.67519e+03
5.12000e+05,5.37224e-02,4.01799e-03,6.79915e+02,4.89699e+00,9.67439e+03
5.13000e+05,5.37381e-02,3.56051e-03,6.79616e+02,4.89792e+00,9.67359e+03
5.14000e+05,5.37560e-02,3.97455e-03,6.79277e+02,4.89817e+00,9.67280e+03
5.15000e+05,5.37696e-02,3.67410e-03,6.79020e+02,4.89774e+00,9.67200e+03
5.16000e+05,5.37898e-02,3.91971e-03,6.78637e+02,4.89797e+00,9.67121e+03
5.17000e+05,5.38053e-02,3.84776e-03,6.78343e+02,4.89734e+00,9.67041e+03
5.18000e+05,5.38115e-02,3.80382e-03,6.78225e+02,4.89745e+00,9.66962e+03
5.19000e+05,5.38334e-02,3.81992e-03,6.77813e+02,4.89462e+00,9.66883e+03
5.20000e+05,5.38491e-02,3.79636e-03,6.77515e+02,4.89713e+00,9.66804e+03
5.21000e+05,5.38608e-02,4.06477e-03,6.77295e+02,4.89541e+00,9.66726e+03
5.22000e+05,5.38833e-02,3.91420e-03,6.76871e+02,4.89752e+00,9.66647e+03
5.23000e+05,5.38975e-02,3.97805e-03,6.76604e+02,4.89754e+00,9.66568e+03
5.24000e+05,5.39066e-02,3.88682e-03,6.76432e+02,4.89860e+00,9.66490e+03
5.25000e+05,5.39272e-02,3.85008e-03,6.76045e+02,4.89802e+00,9.66412e+03
5.26000e+05,5.39393e-02,3.87956e-03,6.75817e+02,4.88890e+00,9.66334e+03
5.27000e+05,5.39491e-02,3.98972e-03,6.75633e+02,4.89800e+00,9.66256e+03
5.28000e+05,5.39740e-02,3.75676e-03,6.75166e+02,4.89837e+00,9.66178e+03
5.29000e+05,5.39819e-02,3.95262e-03,6.75017e+02,4.89732e+00,9.66101e+03
5.30000e+05,5.39947e-02,3.74024e-03,6.74777e+02,4.89749e+00,9.66023e+03
5.31000e+05,5.40120e-02,3.85368e-03,6.74453e+02,4.89638e+00,9.65946e+03
5.32000e+05,5.40318e-02,4.00770e-03,6.74082e+02,4.89724e+00,9.65868e+03
5.33000e+05,5.40397e-02,4.02309e-03,6.73935e+02,4.90926e+00,9.65791e+03
5.34000e+05,5.40533e-02,3.95445e-03,6.73681e+02,4.89752e+00,9.65714e+03
5.35000e+05,5.40698e-02,3.70267e-03,6.73372e+02,4.89742e+00,9.65637e+03
5.36000e+05,5.40859e-02,3.83246e-03,6.73071e+02,4.89771e+00,9.65561e+03
5.37000e+05,5.40980e-02,4.04030e-03,6.72845e+02,4.89760e+00,9.65484e+03
5.38000e+05,5.41216e-02,3.97930e-03,6.72406e+02,4.89895e+00,9.65407e+03
5.39000e+05,5.41369e-02,3.86158e-03,6.72121e+02,4.89796e+00,9.65331e+03
5.40000e+05,5.41477e-02,4.06876e-03,6.71920e+02,4.88376e+00,9.65255e+03
5.41000e+05,5.41581e-02,3.87340e-03,6.71726e+02,4.89779e+00,9.65179e+03
5.42000e+05,5.41748e-02,4.11380e-03,6.71414e+02,4.89854e+00,9.65103e+03
5.43000e+05,5.41882e-02,3.67816e-03,6.71165e+02,4.89752e+00,9.65027e+03
5.44000e+05,5.42091e-02,3.88859e-03,6.70779e+02,4.89726e+00,9.64951e+03
5.45000e+05,5.42170e-02,3.85462e-03,6.70631e+02,4.89494e+00,9.64876e+03
5.46000e+05,5.42363e-02,3.88713e-03,6.70273e+02,4.89720e+00,9.64800e+03
5.47000e+05,5.42462e-02,3.91104e-03,6.70089e+02,4.90646e+00,9.64725e+03
5.48000e+05,5.42662e-02,4.06456e-03,6.69719e+02,4.89731e+00,9.64650e+03
5.49000e+05,5.42814e-02,3.92467e-03,6.69438e+02,4.89760e+00,9.64575e+03
5.50000e+05,5.42930e-02,4.02762e-03,6.69224e+02,4.89832e+00,9.64500e+03
5.51000e+05,5.43037e-02,4.13329e-03,6.69026e+02,4.89799e+00,9.64425e+03
5.52000e+05,5.43223e-02,3.98396e-03,6.68683e+02,4.90002e+00,9.64350e+03
5.53000e+05,5.43367e-02,4.09911e-03,6.68417e+02,4.89797e+00,9.64276e+03
5.54000e+05,5.43473e-02,4.12224e-03,6.68221e+02,4.89527e+00,9.64201e+03
5.55000e+05,5.43596e-02,4.10698e-03,6.67995e+02,4.89756e+00,9.64127e+03
5.56000e+05,5.43797e-02,3.92700e-03,6.67624e+02,4.89720e+00,9.64052e+03
5.57000e+05,5.43943e-02,4.08113e-03,6.67355e+02,4.89684e+00,9.63978e+03
5.58000e+05,5.44025e-02,4.08234e-03,6.67205e+02,4.89743e+00,9.63904e+03
5.59000e+05,5.44164e-02,4.17752e-03,6.66949e+02,4.89515e+00,9.63831e+03
5.60000e+05,5.44403e-02,4.05125e-03,6.66510e+02,4.89732e+00,9.63757e+03
5.61000e+05,5.44468e-02,3.83197e-03,6.66389e+02,4.89989e+00,9.63683e+03
5.62000e+05,5.44614e-02,4.01729e-03,6.66122e+02,4.89768e+00,9.63610e+03
5.63000e+05,5.44799e-02,4.03961e-03,6.65783e+02,4.89740e+00,9.63536e+03
5.64000e+05,5.44985e-02,3.92574e-03,6.65441e+02,4.89820e+00,9.63463e+03
5.65000e+05,5.45014e-02,3.88073e-03,6.65390e+02,4.89802e+00,9.63390e+03
5.66000e+05,5.45195e-02,4.15561e-03,6.65058e+02,4.90314e+00,9.63317e+03
5.67000e+05,5.45348e-02,4.03055e-03,6.64777e+02,4.89793e+00,9.63244e+03
5.68000e+05,5.45485e-02,3.86162e-03,6.64527e+02,4.89753e+00,9.63171e+03
5.69000e+05,5.45651e-02,4.13766e-03,6.64224e+02,4.89752e+00,9.63098e+03
5.70000e+05,5.45821e-02,3.95414e-03,6.63914e+02,4.89746e+00,9.63026e+03
5.71000e+05,5.45891e-02,4.07471e-03,6.63787e+02,4.89658e+00,9.62953e+03
5.72000e+05,5.46077e-02,4.13749e-03,6.63448e+02,4.89702e+00,9.62881e+03
5.73000e+05,5.46220e-02,3.99007e-03,6.63186e+02,4.89688e+00,9.62809e+03
5.74000e+05,5.46323e-02,4.01899e-03,6.62999e+02,4.89742e+00,9.62737e+03
5.75000e+05,5.46479e-02,3.97237e-03,6.62715e+02,4.89884e+00,9.62665e+03
5.76000e+05,5.46618e-02,4.07139e-03,6.62462e+02,4.89797e+00,9.62593e+03
5.77000e+05,5.46776e-02,4.08591e-03,6.62176e+02,4.89805e+00,9.62521e+03
5.78000e+05,5.46872e-02,4.08676e-03,6.62002e+02,4.89893e+00,9.62450e+03
5.79000e+05,5.47060e-02,4.04621e-03,6.61660e+02,4.89798e+00,9.62378e+03
5.80000e+05,5.47182e-02,4.16225e-03,6.61439e+02,4.90055e+00,9.62307e+03
5.81000e+05,5.47340e-02,3.92969e-03,6.61152e+02,4.89756e+00,9.62235e+03
5.82000e+05,5.47409e-02,4.12058e-03,6.61027e+02,4.89688e+00,9.62164e+03
5.83000e+05,5.47545e-02,4.14671e-03,6.60781e+02,4.89726e+00,9.62093e+03
5.84000e+05,5.47704e-02,3.88759e-03,6.60493e+02,4.89727e+00,9.62022e+03
5.85000e+05,5.47864e-02,4.16376e-03,6.60204e+02,4.89627e+00,9.61951e+03
5.86000e+05,5.48052e-02,4.28824e-03,6.59864e+02,4.89735e+00,9.61880e+03
5.87000e+05,5.48118e-02,4.04551e-03,6.59746e+02,4.89845e+00,9.61810e+03
5.88000e+05,5.48301e-02,4.04552e-03,6.59414e+02,4.89743e+00,9.61739e+03
5.89000e+05,5.48456e-02,4.17053e-03,6.59135e+02,4.89742e+00,9.61669e+03
5.90000e+05,5.48500e-02,3.81221e-03,6.59056e+02,4.89808e+00,9.61598e+03
5.91000e+05,5.48709e-02,4.14359e-03,6.58679e+02,4.89811e+00,9.61528e+03
5.92000e+05,5.48773e-02,4.03056e-03,6.58563e+02,4.89946e+00,9.61458e+03
5.93000e+05,5.48986e-02,4.01580e-03,6.58181e+02,4.89798e+00,9.61388e+03
5.94000e+05,5.49069e-02,4.24933e-03,6.58032e+02,4.88476e+00,9.61318e+03
5.95000e+05,5.49158e-02,4.25356e-03,6.57872e+02,4.89770e+00,9.61248e+03
5.96000e+05,5.49378e-02,4.16085e-03,6.57477e+02,4.89668e+00,9.61179e+03
5.97000e+05,5.49530e-02,4.13614e-03,6.57204e+02,4.89678e+00,9.61109e+03
5.98000e+05,5.49649e-02,4.09245e-03,6.56990e+02,4.89710e+00,9.61040e+03
5.99000e+05,5.49740e-02,4.26059e-03,6.56827e+02,4.89522e+00,9.60970e+03
6.00000e+05,5.49876e-02,4.17143e-03,6.56584e+02,4.89725e+00,9.60901e+03
6.01000e+05,5.50062e-02,4.15780e-03,6.56250e+02,4.90588e+00,9.60832e+03
6.02000e+05,5.50210e-02,4.25343e-03,6.55986e+02,4.89792e+00,9.60763e+03
6.03000e+05,5.50268e-02,3.94913e-03,6.55881e+02,4.89832e+00,9.60694e+03
6.04000e+05,5.50467e-02,4.03310e-03,6.55527e+02,4.89829e+00,9.60625e+03
6.05000e+05,5.50603e-02,4.16865e-03,6.55283e+02,4.89802e+00,9.60556e+03
6.06000e+05,5.50652e-02,4.01171e-03,6.55196e+02,4.90064e+00,9.60488e+03
6.07000e+05,5.50827e-02,4.25800e-03,6.54883e+02,4.89776e+00,9.60419e+03
6.08000e+05,5.50955e-02,3.92140e-03,6.54656e+02,4.88824e+00,9.60351e+03
6.09000e+05,5.51116e-02,4.19972e-03,6.54369e+02,4.89736e+00,9.60283e+03
6.10000e+05,5.51281e-02,4.23346e-03,6.54076e+02,4.89750e+00,9.60214e+03
6.11000e+05,5.51343e-02,3.93404e-03,6.53965e+02,4.89711e+00,9.60146e+03
6.12000e+05,5.51458e-02,4.02700e-03,6.53759e+02,4.89711e+00,9.60078e+03
6.13000e+05,5.51626e-02,4.28587e-03,6.53462e+02,4.89188e+00,9.60010e+03
6.14000e+05,5.51770e-02,4.22784e-03,6.53206e+02,4.89742e+00,9.59943e+03
6.15000e+05,5.51925e-02,4.26151e-03,6.52931e+02,4.90142e+00,9.59875e+03
6.16000e+05,5.51968e-02,3.82914e-03,6.52854e+02,4.89783e+00,9.59807e+03
6.17000e+05,5.52134e-02,4.21947e-03,6.52560e+02,4.89837e+00,9.59740e+03
6.18000e+05,5.52322e-02,4.14023e-03,6.52227e+02,4.89856e+00,9.59672e+03
6.19000e+05,5.52451e-02,4.15226e-03,6.51999e+02,4.89810e+00,9.59605e+03
6.20000e+05,5.52593e-02,4.10228e-03,6.51748e+02,4.90319e+00,9.59538e+03
6.21000e+05,5.52694e-02,4.22899e-03,6.51569e+02,4.89767e+00,9.59471e+03
6.22000e+05,5.52865e-02,4.12056e-03,6.51266e+02,4.89521e+00,9.59404e+03
6.23000e+05,5.52915e-02,4.18956e-03,6.51178e+02,4.89715e+00,9.59337e+03
6.24000e+05,5.53049e-02,4.32690e-03,6.50941e+02,4.89669e+00,9.59270e+03
6.25000e+05,5.53220e-02,4.22601e-03,6.50640e+02,4.89627e+00,9.59203e+03
6.26000e+05,5.53373e-02,4.06097e-03,6.50369e+02,4.89733e+00,9.59137e+03
6.27000e+05,5.53426e-02,4.28133e-03,6.50276e+02,4.89081e+00,9.59070e+03
6.28000e+05,5.53627e-02,4.31465e-03,6.49922e+02,4.89771e+00,9.59004e+03
6.29000e+05,5.53710e-02,4.24398e-03,6.49776e+02,4.89964e+00,9.58937e+03
6.30000e+05,5.53892e-02,4.15960e-03,6.49456e+02,4.89808e+00,9.58871e+03
6.31000e+05,5.54030e-02,4.05764e-03,6.49213e+02,4.89811e+00,9.58805e+03
6.32000e+05,5.54048e-02,4.36828e-03,6.49182e+02,4.89848e+00,9.58739e+03
6.33000e+05,5.54277e-02,4.26545e-03,6.48779e+02,4.89779e+00,9.58673e+03
6.34000e+05,5.54380e-02,4.21085e-03,6.48599e+02,4.90462e+00,9.58607e+03
6.35000e+05,5.54521e-02,4.16000e-03,6.48350e+02,4.89760e+00,9.58541e+03
6.36000e+05,5.54609e-02,4.33789e-03,6.48196e+02,4.89628e+00,9.58476e+03
6.37000e+05,5.54738e-02,3.97472e-03,6.47971e+02,4.89710e+00,9.58410e+03
6.38000e+05,5.54925e-02,4.21107e-03,6.47643e+02,4.89709e+00,9.58345e+03
6.39000e+05,5.55012e-02,4.17200e-03,6.47491e+02,4.89644e+00,9.58279e+03
6.40000e+05,5.55099e-02,4.36054e-03,6.47338e+02,4.89719e+00,9.58214e+03
6.41000e+05,5.55241e-02,4.25926e-03,6.47091e+02,4.90344e+00,9.58149e+03
6.42000e+05,5.55453e-02,4.15316e-03,6.46720e+02,4.89785e+00,9.58084e+03
6.43000e+05,5.55522e-02,4.31077e-03,6.46599e+02,4.89929e+00,9.58019e+03
6.44000e+05,5.55668e-02,4.08745e-03,6.46345e+02,4.89822e+00,9.57954e+03
6.45000e+05,5.55798e-02,4.13178e-03,6.46117e+02,4.89821e+00,9.57889e+03
6.46000e+05,5.55902e-02,4.33049e-03,6.45936e+02,4.89958e+00,9.57824e+03
6.47000e+05,5.56067e-02,4.20560e-03,6.45649e+02,4.89784e+00,9.57760e+03
6.48000e+05,5.56147e-02,3.93532e-03,6.45509e+02,4.89898e+00,9.57695e+03
6.49000e+05,5.56248e-02,4.34227e-03,6.45333e+02,4.89714e+00,9.57631e+03
6.50000e+05,5.56374e-02,4.41630e-03,6.45115e+02,4.89643e+00,9.57566e+03
6.51000e+05,5.56474e-02,4.37948e-03,6.44941e+02,4.89702e+00,9.57502e+03
6.52000e+05,5.56685e-02,4.12434e-03,6.44574e+02,4.89710e+00,9.57438e+03
6.53000e+05,5.56727e-02,4.44882e-03,6.44501e+02,4.89612e+00,9.57374e+03
6.54000e+05,5.56884e-02,4.30327e-03,6.44229e+02,4.89768e+00,9.57310e+03
6.55000e+05,5.57055e-02,4.14547e-03,6.43931e+02,4.90553e+00,9.57246e+03
6.56000e+05,5.57183e-02,4.30146e-03,6.43711e+02,4.89786e+00,9.57182e+03
6.57000e+05,5.57247e-02,4.48597e-03,6.43600e+02,4.89842e+00,9.57118e+03
6.58000e+05,5.57414e-02,4.39271e-03,6.43310e+02,4.89811e+00,9.57054e+03
6.59000e+05,5.57480e-02,4.34039e-03,6.43196e+02,4.89801e+00,9.56991e+03
6.60000e+05,5.57648e-02,4.31763e-03,6.42905e+02,4.89980e+00,9.56927e+03
6.61000e+05,5.57743e-02,4.31626e-03,6.42741e+02,4.89764e+00,9.56864e+03
6.62000e+05,5.57932e-02,4.26361e-03,6.42414e+02,4.89171e+00,9.56801e+03
6.63000e+05,5.57994e-02,4.15846e-03,6.42308e+02,4.89734e+00,9.56737e+03
6.64000e+05,5.58102e-02,4.10936e-03,6.42120e+02,4.89645e+00,9.56674e+03
6.65000e+05,5.58302e-02,4.31203e-03,6.41776e+02,4.89674e+00,9.56611e+03
6.66000e+05,5.58434e-02,4.20411e-03,6.41547e+02,4.89718e+00,9.56548e+03
6.67000e+05,5.58537e-02,4.38416e-03,6.41372e+02,4.89422e+00,9.56485e+03
6.68000e+05,5.58695e-02,4.28611e-03,6.41098e+02,4.89767e+00,9.56423e+03
6.69000e+05,5.58771e-02,4.33773e-03,6.40969e+02,4.90218e+00,9.56360e+03
6.70000e+05,5.58901e-02,4.21031e-03,6.40744e+02,4.89811e+00,9.56297e+03
6.71000e+05,5.59042e-02,4.35651e-03,6.40502e+02,4.89855e+00,9.56235e+03
6.72000e+05,5.59158e-02,4.46414e-03,6.40303e+02,4.89843e+00,9.56172e+03
6.73000e+05,5.59236e-02,4.44144e-03,6.40168e+02,4.89781e+00,9.56110e+03
6.74000e+05,5.59422e-02,4.18649e-03,6.39849e+02,4.90276e+00,9.56048e+03
6.75000e+05,5.59478e-02,4.43724e-03,6.39754e+02,4.89736e+00,9.55986e+03
6.76000e+05,5.59636e-02,4.31133e-03,6.39482e+02,4.89272e+00,9.55923e+03
6.77000e+05,5.59695e-02,4.36666e-03,6.39381e+02,4.89705e+00,9.55861e+03
6.78000e+05,5.59838e-02,4.25677e-03,6.39136e+02,4.89712e+00,9.55800e+03
6.79000e+05,5.59931e-02,4.43857e-03,6.38977e+02,4.89759e+00,9.55738e+03
6.80000e+05,5.60074e-02,4.49827e-03,6.38733e+02,4.89746e+00,9.55676e+03
6.81000e+05,5.60242e-02,4.19411e-03,6.38445e+02,4.88605e+00,9.55614e+03
6.82000e+05,5.60351e-02,4.13442e-03,6.38259e+02,4.89781e+00,9.55553e+03
6.83000e+05,5.60517e-02,4.32572e-03,6.37975e+02,4.90017e+00,9.55491e+03
6.84000e+05,5.60649e-02,4.29776e-03,6.37749e+02,4.89801e+00,9.55430e+03
6.85000e+05,5.60676e-02,4.07081e-03,6.37705e+02,4.89817e+00,9.55368e+03
6.86000e+05,5.60793e-02,4.31549e-03,6.37505e+02,4.89820e+00,9.55307e+03
6.87000e+05,5.60925e-02,4.16756e-03,6.37279e+02,4.89786e+00,9.55246e+03
6.88000e+05,5.61132e-02,4.27129e-03,6.36927e+02,4.90718e+00,9.55185e+03
6.89000e+05,5.61192e-02,4.16513e-03,6.36825e+02,4.89726e+00,9.55124e+03
6.90000e+05,5.61305e-02,4.38020e-03,6.36632e+02,4.89569e+00,9.55063e+03
6.91000e+05,5.61459e-02,4.33866e-03,6.36370e+02,4.89715e+00,9.55002e+03
6.92000e+05,5.61523e-02,4.52363e-03,6.36262e+02,4.89682e+00,9.54941e+03
6.93000e+05,5.61711e-02,4.38575e-03,6.35943e+02,4.89652e+00,9.54880e+03
6.94000e+05,5.61794e-02,4.40890e-03,6.35802e+02,4.89772e+00,9.54820e+03
6.95000e+05,5.61935e-02,4.30617e-03,6.35562e+02,4.88574e+00,9.54759e+03
6.96000e+05,5.62061e-02,4.36652e-03,6.35348e+02,4.89801e+00,9.54699e+03
6.97000e+05,5.62145e-02,4.44709e-03,6.35205e+02,4.89932e+00,9.54638e+03
6.98000e+05,5.62213e-02,4.42683e-03,6.35091e+02,4.89813e+00,9.54578e+03
6.99000e+05,5.62325e-02,4.45230e-03,6.34901e+02,4.89806e+00,9.54518e+03
7.00000e+05,5.62497e-02,4.39944e-03,6.34609e+02,4.89732e+00,9.54458e+03
7.01000e+05,5.62577e-02,4.50725e-03,6.34474e+02,4.89734e+00,9.54398e+03
7.02000e+05,5.62750e-02,4.45754e-03,6.34182e+02,4.89492e+00,9.54338e+03
7.03000e+05,5.62801e-02,4.27691e-03,6.34096e+02,4.89730e+00,9.54278e+03
7.04000e+05,5.62939e-02,4.15088e-03,6.33863e+02,4.89639e+00,9.54218e+03
7.05000e+05,5.63122e-02,4.34734e-03,6.33553e+02,4.89733e+00,9.54158e+03
7.06000e+05,5.63218e-02,4.26772e-03,6.33391e+02,4.89738e+00,9.54098e+03
7.07000e+05,5.63288e-02,4.54964e-03,6.33274e+02,4.89696e+00,9.54039e+03
7.08000e+05,5.63479e-02,4.46499e-03,6.32952e+02,4.89762e+00,9.53979e+03
7.09000e+05,5.63536e-02,4.05374e-03,6.32855e+02,4.90250e+00,9.53920e+03
7.10000e+05,5.63629e-02,4.12314e-03,6.32698e+02,4.89796e+00,9.53860e+03
7.11000e+05,5.63804e-02,4.34998e-03,6.32404e+02,4.89872e+00,9.53801e+03
7.12000e+05,5.63877e-02,4.38300e-03,6.32282e+02,4.89793e+00,9.53742e+03
7.13000e+05,5.64044e-02,4.41857e-03,6.32000e+02,4.89790e+00,9.53683e+03
7.14000e+05,5.64107e-02,4.47392e-03,6.31895e+02,4.89942e+00,9.53624e+03
7.15000e+05,5.64277e-02,4.38359e-03,6.31610e+02,4.89742e+00,9.53565e+03
7.16000e+05,5.64384e-02,4.40063e-03,6.31429e+02,4.89599e+00,9.53506e+03
7.17000e+05,5.64519e-02,4.33787e-03,6.31203e+02,4.89704e+00,9.53447e+03
7.18000e+05,5.64592e-02,4.58548e-03,6.31080e+02,4.89662e+00,9.53388e+03
7.19000e+05,5.64749e-02,4.44333e-03,6.30818e+02,4.89745e+00,9.53329e+03
7.20000e+05,5.64872e-02,4.54665e-03,6.30611e+02,4.89755e+00,9.53271e+03
7.21000e+05,5.64911e-02,4.52391e-03,6.30547e+02,4.89753e+00,9.53212e+03
7.22000e+05,5.65034e-02,4.56460e-03,6.30341e+02,4.89798e+00,9.53154e+03
7.23000e+05,5.65217e-02,4.48682e-03,6.30035e+02,4.90240e+00,9.53095e+03
7.24000e+05,5.65272e-02,4.34785e-03,6.29943e+02,4.89805e+00,9.53037e+03
7.25000e+05,5.65371e-02,4.17937e-03,6.29777e+02,4.89813e+00,9.52979e+03
7.26000e+05,5.65476e-02,4.55947e-03,6.29601e+02,4.89729e+00,9.52921e+03
7.27000e+05,5.65677e-02,4.35645e-03,6.29266e+02,4.89758e+00,9.52862e+03
7.28000e+05,5.65706e-02,4.24371e-03,6.29218e+02,4.90060e+00,9.52804e+03
7.29000e+05,5.65826e-02,4.61402e-03,6.29017e+02,4.89727e+00,9.52746e+03
7.30000e+05,5.65909e-02,4.64146e-03,6.28878e+02,4.89539e+00,9.52689e+03
7.31000e+05,5.66136e-02,4.60594e-03,6.28502e+02,4.89750e+00,9.52631e+03
7.32000e+05,5.66244e-02,4.36914e-03,6.28322e+02,4.89703e+00,9.52573e+03
7.33000e+05,5.66327e-02,4.40648e-03,6.28184e+02,4.89737e+00,9.52515e+03
7.34000e+05,5.66392e-02,4.54878e-03,6.28076e+02,4.89760e+00,9.52458e+03
7.35000e+05,5.66602e-02,4.41899e-03,6.27727e+02,4.89291e+00,9.52400e+03
7.36000e+05,5.66602e-02,4.26435e-03,6.27726e+02,4.89796e+00,9.52343e+03
7.37000e+05,5.66823e-02,4.59797e-03,6.27358e+02,4.89947e+00,9.52285e+03
7.38000e+05,5.66883e-02,4.27468e-03,6.27259e+02,4.89791e+00,9.52228e+03
7.39000e+05,5.66974e-02,4.48520e-03,6.27108e+02,4.89824e+00,9.52171e+03
7.40000e+05,5.67124e-02,4.57634e-03,6.26860e+02,4.89760e+00,9.52114e+03
7.41000e+05,5.67175e-02,4.56082e-03,6.26775e+02,4.89731e+00,9.52057e+03
7.42000e+05,5.67370e-02,4.45775e-03,6.26451e+02,4.90915e+00,9.51999e+03
7.43000e+05,5.67498e-02,4.62049e-03,6.26240e+02,4.89720e+00,9.51943e+03
7.44000e+05,5.67600e-02,4.49553e-03,6.26071e+02,4.89522e+00,9.51886e+03
7.45000e+05,5.67620e-02,4.23795e-03,6.26037e+02,4.89724e+00,9.51829e+03
7.46000e+05,5.67857e-02,4.33725e-03,6.25647e+02,4.89756e+00,9.51772e+03
7.47000e+05,5.67883e-02,4.48747e-03,6.25603e+02,4.89880e+00,9.51715e+03
7.48000e+05,5.68050e-02,4.50833e-03,6.25326e+02,4.89787e+00,9.51659e+03
7.49000e+05,5.68177e-02,4.35833e-03,6.25118e+02,4.88409e+00,9.51602e+03
7.50000e+05,5.68204e-02,4.63855e-03,6.25073e+02,4.89797e+00,9.51546e+03
7.51000e+05,5.68378e-02,4.67022e-03,6.24786e+02,4.89883e+00,9.51489e+03
7.52000e+05,5.68414e-02,4.61003e-03,6.24726e+02,4.89752e+00,9.51433e+03
7.53000e+05,5.68586e-02,4.30653e-03,6.24443e+02,4.89756e+00,9.51377e+03
7.54000e+05,5.68664e-02,4.53397e-03,6.24314e+02,4.89713e+00,9.51321e+03
7.55000e+05,5.68844e-02,4.39948e-03,6.24019e+02,4.89747e+00,9.51264e+03
7.56000e+05,5.68966e-02,4.40304e-03,6.23818e+02,4.90740e+00,9.51208e+03
7.57000e+05,5.69040e-02,4.46708e-03,6.23695e+02,4.89729e+00,9.51152e+03
7.58000e+05,5.69082e-02,4.64448e-03,6.23627e+02,4.89670e+00,9.51096e+03
7.59000e+05,5.69264e-02,4.51488e-03,6.23328e+02,4.89760e+00,9.51041e+03
7.60000e+05,5.69389e-02,4.58766e-03,6.23123e+02,4.89738e+00,9.50985e+03
7.61000e+05,5.69507e-02,4.50114e-03,6.22929e+02,4.89835e+00,9.50929e+03
7.62000e+05,5.69609e-02,4.52156e-03,6.22762e+02,4.89799e+00,9.50873e+03
7.63000e+05,5.69709e-02,4.54751e-03,6.22598e+02,4.89200e+00,9.50818e+03
7.64000e+05,5.69796e-02,4.44951e-03,6.22455e+02,4.89798e+00,9.50762e+03
7.65000e+05,5.69903e-02,4.28920e-03,6.22281e+02,4.89847e+00,9.50707e+03
7.66000e+05,5.69946e-02,4.34989e-03,6.22210e+02,4.89753e+00,9.50651e+03
7.67000e+05,5.70076e-02,4.57228e-03,6.21996e+02,4.89751e+00,9.50596e+03
7.68000e+05,5.70194e-02,4.35850e-03,6.21804e+02,4.89494e+00,9.50541e+03
7.69000e+05,5.70334e-02,4.64919e-03,6.21574e+02,4.89710e+00,9.50486e+03
7.70000e+05,5.70492e-02,4.59090e-03,6.21316e+02,4.89423e+00,9.50431e+03
7.71000e+05,5.70490e-02,4.69833e-03,6.21319e+02,4.89745e+00,9.50375e+03
7.72000e+05,5.70644e-02,4.35412e-03,6.21068e+02,4.89741e+00,9.50320e+03
7.73000e+05,5.70772e-02,4.47417e-03,6.20859e+02,4.89810e+00,9.50266e+03
7.74000e+05,5.70880e-02,4.60869e-03,6.20682e+02,4.89784e+00,9.50211e+03
7.75000e+05,5.70963e-02,4.59730e-03,6.20548e+02,4.89803e+00,9.50156e+03
7.76000e+05,5.71032e-02,4.62211e-03,6.20435e+02,4.89794e+00,9.50101e+03
7.77000e+05,5.71211e-02,4.24777e-03,6.20143e+02,4.89782e+00,9.50046e+03
7.78000e+05,5.71350e-02,4.62245e-03,6.19918e+02,4.89756e+00,9.49992e+03
7.79000e+05,5.71422e-02,4.36907e-03,6.19800e+02,4.89790e+00,9.49937e+03
7.80000e+05,5.71509e-02,4.61477e-03,6.19659e+02,4.89722e+00,9.49883e+03
7.81000e+05,5.71654e-02,4.67009e-03,6.19423e+02,4.89740e+00,9.49828e+03
7.82000e+05,5.71796e-02,4.64623e-03,6.19192e+02,4.89778e+00,9.49774e+03
7.83000e+05,5.71791e-02,4.68458e-03,6.19201e+02,4.89736e+00,9.49720e+03
7.84000e+05,5.71926e-02,4.67171e-03,6.18981e+02,4.89703e+00,9.49666e+03
7.85000e+05,5.72064e-02,4.43478e-03,6.18757e+02,4.89734e+00,9.49611e+03
7.86000e+05,5.72123e-02,4.70306e-03,6.18661e+02,4.89732e+00,9.49557e+03
7.87000e+05,5.72323e-02,4.56982e-03,6.18337e+02,4.89845e+00,9.49503e+03
7.88000e+05,5.72342e-02,4.31748e-03,6.18306e+02,4.89798e+00,9.49449e+03
7.89000e+05,5.72534e-02,4.54445e-03,6.17996e+02,4.89815e+00,9.49395e+03
7.90000e+05,5.72639e-02,4.54467e-03,6.17825e+02,4.89798e+00,9.49342e+03
7.91000e+05,5.72731e-02,4.62211e-03,6.17677e+02,4.89953e+00,9.49288e+03
7.92000e+05,5.72866e-02,4.64187e-03,6.17458e+02,4.89767e+00,9.49234e+03
7.93000e+05,5.72932e-02,4.60115e-03,6.17351e+02,4.89728e+00,9.49180e+03
7.94000e+05,5.73027e-02,4.62010e-03,6.17197e+02,4.89607e+00,9.49127e+03
7.95000e+05,5.73128e-02,4.51976e-03,6.17034e+02,4.89724e+00,9.49073e+03
7.96000e+05,5.73275e-02,4.46654e-03,6.16798e+02,4.90554e+00,9.49020e+03
7.97000e+05,5.73404e-02,4.78380e-03,6.16590e+02,4.89728e+00,9.48966e+03
7.98000e+05,5.73406e-02,4.28827e-03,6.16585e+02,4.89752e+00,9.48913e+03
7.99000e+05,5.73567e-02,4.64018e-03,6.16327e+02,4.89800e+00,9.48860e+03
8.00000e+05,5.73697e-02,4.63145e-03,6.16117e+02,4.89770e+00,9.48807e+03
8.01000e+05,5.73718e-02,4.81248e-03,6.16084e+02,4.89862e+00,9.48753e+03
8.02000e+05,5.73913e-02,4.69564e-03,6.15770e+02,4.89794e+00,9.48700e+03
8.03000e+05,5.73940e-02,4.74476e-03,6.15726e+02,4.88889e+00,9.48647e+03
8.04000e+05,5.74140e-02,4.57105e-03,6.15404e+02,4.89775e+00,9.48594e+03
8.05000e+05,5.74198e-02,4.66544e-03,6.15310e+02,4.89771e+00,9.48541e+03
8.06000e+05,5.74291e-02,4.59321e-03,6.15161e+02,4.89738e+00,9.48488e+03
8.07000e+05,5.74449e-02,4.37025e-03,6.14908e+02,4.89766e+00,9.48436e+03
8.08000e+05,5.74516e-02,4.73406e-03,6.14800e+02,4.89624e+00,9.48383e+03
8.09000e+05,5.74614e-02,4.60855e-03,6.14642e+02,4.89717e+00,9.48330e+03
8.10000e+05,5.74757e-02,4.69770e-03,6.14413e+02,4.90994e+00,9.48278e+03
8.11000e+05,5.74788e-02,4.34546e-03,6.14364e+02,4.89741e+00,9.48225e+03
8.12000e+05,5.74869e-02,4.71486e-03,6.14233e+02,4.89704e+00,9.48172e+03
8.13000e+05,5.75023e-02,4.39448e-03,6.13987e+02,4.89795e+00,9.48120e+03
8.14000e+05,5.75126e-02,4.76344e-03,6.13822e+02,4.89807e+00,9.48068e+03
8.15000e+05,5.75241e-02,4.68650e-03,6.13638e+02,4.90046e+00,9.48015e+03
8.16000e+05,5.75358e-02,4.43428e-03,6.13451e+02,4.89803e+00,9.47963e+03
8.17000e+05,5.75376e-02,4.71460e-03,6.13422e+02,4.89252e+00,9.47911e+03
8.18000e+05,5.75491e-02,4.30030e-03,6.13239e+02,4.89763e+00,9.47859e+03
8.19000e+05,5.75638e-02,4.73740e-03,6.13004e+02,4.89749e+00,9.47807e+03
8.20000e+05,5.75741e-02,4.77289e-03,6.12839e+02,4.89689e+00,9.47755e+03
8.21000e+05,5.75853e-02,4.77056e-03,6.12660e+02,4.89711e+00,9.47703e+03
8.22000e+05,5.75933e-02,4.82604e-03,6.12533e+02,4.89524e+00,9.47651e+03
8.23000e+05,5.75983e-02,4.30849e-03,6.12452e+02,4.89739e+00,9.47599e+03
8.24000e+05,5.76223e-02,4.62344e-03,6.12070e+02,4.90366e+00,9.47547e+03
8.25000e+05,5.76235e-02,4.43084e-03,6.12052e+02,4.89771e+00,9.47495e+03
8.26000e+05,5.76364e-02,4.63892e-03,6.11846e+02,4.89767e+00,9.47444e+03
8.27000e+05,5.76520e-02,4.65123e-03,6.11597e+02,4.89829e+00,9.47392e+03
8.28000e+05,5.76639e-02,4.80425e-03,6.11408e+02,4.89791e+00,9.47340e+03
8.29000e+05,5.76752e-02,4.80552e-03,6.11228e+02,4.90157e+00,9.47289e+03
8.30000e+05,5.76829e-02,4.64304e-03,6.11106e+02,4.89778e+00,9.47237e+03
8.31000e+05,5.76880e-02,4.78699e-03,6.11025e+02,4.89548e+00,9.47186e+03
8.32000e+05,5.77028e-02,4.80991e-03,6.10790e+02,4.89761e+00,9.47135e+03
8.33000e+05,5.77128e-02,4.72455e-03,6.10631e+02,4.89744e+00,9.47083e+03
8.34000e+05,5.77169e-02,4.67757e-03,6.10567e+02,4.89671e+00,9.47032e+03
8.35000e+05,5.77296e-02,4.52276e-03,6.10364e+02,4.89721e+00,9.46981e+03
8.36000e+05,5.77375e-02,4.78699e-03,6.10239e+02,4.89117e+00,9.46930e+03
8.37000e+05,5.77488e-02,4.72898e-03,6.10060e+02,4.89721e+00,9.46879e+03
8.38000e+05,5.77556e-02,4.42788e-03,6.09952e+02,4.89734e+00,9.46828e+03
8.39000e+05,5.77668e-02,4.59278e-03,6.09776e+02,4.89796e+00,9.46777e+03
8.40000e+05,5.77845e-02,4.79310e-03,6.09495e+02,4.89817e+00,9.46726e+03
8.41000e+05,5.77856e-02,4.84426e-03,6.09477e+02,4.89880e+00,9.46675e+03
8.42000e+05,5.78053e-02,4.70840e-03,6.09166e+02,4.89805e+00,9.46624e+03
8.43000e+05,5.78058e-02,4.46767e-03,6.09158e+02,4.89840e+00,9.46574e+03
8.44000e+05,5.78277e-02,4.88691e-03,6.08812e+02,4.89779e+00,9.46523e+03
8.45000e+05,5.78274e-02,4.86433e-03,6.08816e+02,4.89574e+00,9.46472e+03
8.46000e+05,5.78387e-02,4.77229e-03,6.08639e+02,4.89703e+00,9.46422e+03
8.47000e+05,5.78538e-02,4.65547e-03,6.08399e+02,4.89728e+00,9.46371e+03
8.48000e+05,5.78667e-02,4.85639e-03,6.08196e+02,4.89651e+00,9.46321e+03
8.49000e+05,5.78659e-02,4.86518e-03,6.08209e+02,4.89723e+00,9.46270e+03
8.50000e+05,5.78790e-02,4.88900e-03,6.08003e+02,4.89667e+00,9.46220e+03
8.51000e+05,5.78878e-02,4.55244e-03,6.07865e+02,4.89767e+00,9.46170e+03
8.52000e+05,5.79015e-02,4.74699e-03,6.07648e+02,4.89821e+00,9.46119e+03
8.53000e+05,5.79157e-02,4.52603e-03,6.07424e+02,4.89791e+00,9.46069e+03
8.54000e+05,5.79233e-02,4.83504e-03,6.07305e+02,4.89800e+00,9.46019e+03
8.55000e+05,5.79305e-02,4.75207e-03,6.07192e+02,4.89914e+00,9.45969e+03
8.56000e+05,5.79454e-02,4.57650e-03,6.06958e+02,4.89795e+00,9.45919e+03
8.57000e+05,5.79531e-02,4.81978e-03,6.06837e+02,4.88917e+00,9.45869e+03
8.58000e+05,5.79571e-02,4.42569e-03,6.06774e+02,4.89765e+00,9.45819e+03
8.59000e+05,5.79757e-02,4.66598e-03,6.06483e+02,4.89771e+00,9.45769e+03
8.60000e+05,5.79787e-02,4.74778e-03,6.06436e+02,4.89719e+00,9.45719e+03
8.61000e+05,5.79906e-02,4.64737e-03,6.06249e+02,4.89691e+00,9.45670e+03
8.62000e+05,5.79981e-02,4.86425e-03,6.06130e+02,4.89480e+00,9.45620e+03
8.63000e+05,5.80052e-02,4.57442e-03,6.06020e+02,4.89726e+00,9.45570e+03
8.64000e+05,5.80172e-02,4.89828e-03,6.05832e+02,4.90801e+00,9.45521e+03
8.65000e+05,5.80325e-02,4.80056e-03,6.05592e+02,4.89772e+00,9.45471e+03
8.66000e+05,5.80445e-02,4.70740e-03,6.05404e+02,4.89861e+00,9.45422e+03
8.67000e+05,5.80481e-02,4.88837e-03,6.05348e+02,4.89837e+00,9.45372e+03
8.68000e+05,5.80579e-02,4.70115e-03,6.05194e+02,4.89810e+00,9.45323e+03
8.69000e+05,5.80734e-02,4.82512e-03,6.04952e+02,4.90004e+00,9.45273e+03
8.70000e+05,5.80768e-02,4.67337e-03,6.04900e+02,4.89775e+00,9.45224e+03
8.71000e+05,5.80944e-02,4.89201e-03,6.04625e+02,4.88939e+00,9.45175e+03
8.72000e+05,5.81047e-02,4.69003e-03,6.04464e+02,4.89733e+00,9.45126e+03
8.73000e+05,5.81116e-02,4.84537e-03,6.04356e+02,4.89677e+00,9.45077e+03
8.74000e+05,5.81137e-02,4.81415e-03,6.04323e+02,4.89683e+00,9.45028e+03
8.75000e+05,5.81368e-02,4.76296e-03,6.03962e+02,4.89731e+00,9.44979e+03
8.76000e+05,5.81365e-02,4.41021e-03,6.03968e+02,4.89509e+00,9.44930e+03
8.77000e+05,5.81517e-02,4.64597e-03,6.03730e+02,4.89744e+00,9.44881e+03
8.78000e+05,5.81605e-02,4.78388e-03,6.03594e+02,4.90310e+00,9.44832e+03
8.79000e+05,5.81719e-02,4.77231e-03,6.03417e+02,4.89785e+00,9.44783e+03
8.80000e+05,5.81774e-02,4.81808e-03,6.03331e+02,4.89817e+00,9.44734e+03
8.81000e+05,5.81879e-02,4.75949e-03,6.03168e+02,4.89830e+00,9.44685e+03
8.82000e+05,5.82023e-02,4.74177e-03,6.02945e+02,4.89803e+00,9.44637e+03
8.83000e+05,5.82033e-02,4.96622e-03,6.02928e+02,4.90323e+00,9.44588e+03
8.84000e+05,5.82217e-02,4.89859e-03,6.02642e+02,4.89784e+00,9.44540e+03
8.85000e+05,5.82190e-02,4.43034e-03,6.02685e+02,4.89434e+00,9.44491e+03
8.86000e+05,5.82377e-02,4.87397e-03,6.02395e+02,4.89716e+00,9.44443e+03
8.87000e+05,5.82495e-02,4.89826e-03,6.02211e+02,4.89686e+00,9.44394e+03
8.88000e+05,5.82565e-02,4.84838e-03,6.02102e+02,4.89664e+00,9.44346e+03
8.89000e+05,5.82607e-02,4.94245e-03,6.02038e+02,4.89706e+00,9.44298e+03
8.90000e+05,5.82821e-02,4.92739e-03,6.01706e+02,4.89242e+00,9.44249e+03
8.91000e+05,5.82827e-02,4.81189e-03,6.01696e+02,4.89776e+00,9.44201e+03
8.92000e+05,5.82989e-02,4.86822e-03,6.01446e+02,4.90126e+00,9.44153e+03
8.93000e+05,5.83084e-02,4.80645e-03,6.01298e+02,4.89810e+00,9.44105e+03
8.94000e+05,5.83091e-02,4.97055e-03,6.01289e+02,4.89822e+00,9.44057e+03
8.95000e+05,5.83279e-02,4.78369e-03,6.00997e+02,4.89870e+00,9.44009e+03
8.96000e+05,5.83364e-02,4.83220e-03,6.00867e+02,4.89792e+00,9.43961e+03
8.97000e+05,5.83385e-02,4.60013e-03,6.00834e+02,4.90692e+00,9.43913e+03
8.98000e+05,5.83520e-02,4.92768e-03,6.00625e+02,4.89737e+00,9.43865e+03
8.99000e+05,5.83651e-02,4.69678e-03,6.00423e+02,4.89590e+00,9.43817e+03
9.00000e+05,5.83661e-02,4.91118e-03,6.00408e+02,4.89724e+00,9.43769e+03
9.01000e+05,5.83795e-02,4.87529e-03,6.00200e+02,4.89700e+00,9.43722e+03
9.02000e+05,5.83875e-02,4.55089e-03,6.00078e+02,4.89663e+00,9.43674e+03
9.03000e+05,5.84044e-02,4.72413e-03,5.99817e+02,4.89740e+00,9.43626e+03
9.04000e+05,5.84136e-02,4.74314e-03,5.99675e+02,4.88966e+00,9.43579e+03
9.05000e+05,5.84218e-02,4.93020e-03,5.99548e+02,4.89763e+00,9.43531e+03
9.06000e+05,5.84200e-02,5.04349e-03,5.99576e+02,4.89891e+00,9.43484e+03
9.07000e+05,5.84418e-02,4.99168e-03,5.99241e+02,4.89812e+00,9.43436e+03
9.08000e+05,5.84426e-02,4.63459e-03,5.99229e+02,4.89826e+00,9.43389e+03
9.09000e+05,5.84514e-02,4.95535e-03,5.99093e+02,4.89898e+00,9.43342e+03
9.10000e+05,5.84687e-02,4.83520e-03,5.98828e+02,4.89785e+00,9.43294e+03
9.11000e+05,5.84695e-02,4.92790e-03,5.98816e+02,4.89534e+00,9.43247e+03
9.12000e+05,5.84873e-02,4.93024e-03,5.98542e+02,4.89736e+00,9.43200e+03
9.13000e+05,5.84935e-02,4.65452e-03,5.98447e+02,4.89559e+00,9.43153e+03
9.14000e+05,5.85066e-02,4.80614e-03,5.98246e+02,4.89677e+00,9.43106e+03
9.15000e+05,5.85072e-02,5.07567e-03,5.98237e+02,4.89709e+00,9.43059e+03
9.16000e+05,5.85251e-02,4.61960e-03,5.97963e+02,4.89664e+00,9.43012e+03
9.17000e+05,5.85310e-02,4.85693e-03,5.97872e+02,4.89758e+00,9.42965e+03
9.18000e+05,5.85453e-02,4.95268e-03,5.97653e+02,4.90148e+00,9.42918e+03
9.19000e+05,5.85465e-02,4.64666e-03,5.97635e+02,4.89800e+00,9.42871e+03
9.20000e+05,5.85572e-02,4.58438e-03,5.97471e+02,4.89876e+00,9.42824e+03
9.21000e+05,5.85665e-02,4.53351e-03,5.97328e+02,4.89822e+00,9.42777e+03
9.22000e+05,5.85717e-02,4.53799e-03,5.97249e+02,4.89794e+00,9.42731e+03
9.23000e+05,5.85886e-02,4.96441e-03,5.96991e+02,4.89889e+00,9.42684e+03
9.24000e+05,5.85944e-02,4.71903e-03,5.96902e+02,4.89760e+00,9.42637e+03
9.25000e+05,5.86020e-02,4.92813e-03,5.96785e+02,4.88797e+00,9.42591e+03
9.26000e+05,5.86226e-02,4.85245e-03,5.96471e+02,4.89725e+00,9.42544e+03
9.27000e+05,5.86328e-02,4.83028e-03,5.96316e+02,4.89695e+00,9.42498e+03
9.28000e+05,5.86323e-02,4.50900e-03,5.96323e+02,4.89734e+00,9.42451e+03
9.29000e+05,5.86417e-02,4.69350e-03,5.96179e+02,4.89713e+00,9.42405e+03
9.30000e+05,5.86551e-02,4.97851e-03,5.95976e+02,4.89358e+00,9.42358e+03
9.31000e+05,5.86659e-02,4.94590e-03,5.95811e+02,4.89764e+00,9.42312e+03
9.32000e+05,5.86767e-02,4.73298e-03,5.95647e+02,4.90300e+00,9.42266e+03
9.33000e+05,5.86875e-02,4.85828e-03,5.95482e+02,4.89802e+00,9.42220e+03
9.34000e+05,5.86961e-02,4.97463e-03,5.95352e+02,4.89861e+00,9.42173e+03
9.35000e+05,5.87045e-02,4.89366e-03,5.95224e+02,4.89832e+00,9.42127e+03
9.36000e+05,5.87103e-02,4.83142e-03,5.95136e+02,4.89805e+00,9.42081e+03
9.37000e+05,5.87105e-02,4.86154e-03,5.95132e+02,4.90047e+00,9.42035e+03
9.38000e+05,5.87335e-02,4.83473e-03,5.94783e+02,4.89729e+00,9.41989e+03
9.39000e+05,5.87377e-02,4.97112e-03,5.94719e+02,4.89299e+00,9.41943e+03
9.40000e+05,5.87488e-02,4.91290e-03,5.94550e+02,4.89712e+00,9.41897e+03
9.41000e+05,5.87592e-02,4.94590e-03,5.94392e+02,4.89663e+00,9.41851e+03
9.42000e+05,5.87631e-02,4.94615e-03,5.94334e+02,4.89693e+00,9.41806e+03
9.43000e+05,5.87815e-02,5.04234e-03,5.94054e+02,4.89759e+00,9.41760e+03
9.44000e+05,5.87786e-02,4.93334e-03,5.94099e+02,4.89247e+00,9.41714e+03
9.45000e+05,5.87915e-02,4.81855e-03,5.93903e+02,4.89784e+00,9.41669e+03
9.46000e+05,5.88000e-02,4.73441e-03,5.93774e+02,4.90070e+00,9.41623e+03
9.47000e+05,5.88039e-02,4.94095e-03,5.93715e+02,4.89805e+00,9.41577e+03
9.48000e+05,5.88199e-02,5.05359e-03,5.93473e+02,4.89825e+00,9.41532e+03
9.49000e+05,5.88308e-02,4.71950e-03,5.93307e+02,4.89767e+00,9.41486e+03
9.50000e+05,5.88378e-02,4.74117e-03,5.93201e+02,4.89764e+00,9.41441e+03
9.51000e+05,5.88469e-02,5.07158e-03,5.93065e+02,4.90791e+00,9.41395e+03
9.52000e+05,5.88620e-02,5.08588e-03,5.92837e+02,4.89746e+00,9.41350e+03
9.53000e+05,5.88610e-02,4.68067e-03,5.92851e+02,4.89550e+00,9.41305e+03
9.54000e+05,5.88697e-02,4.67288e-03,5.92720e+02,4.89716e+00,9.41259e+03
9.55000e+05,5.88858e-02,4.74392e-03,5.92477e+02,4.89700e+00,9.41214e+03
9.56000e+05,5.88903e-02,5.02151e-03,5.92409e+02,4.89704e+00,9.41169e+03
9.57000e+05,5.89045e-02,4.87116e-03,5.92195e+02,4.89743e+00,9.41124e+03
9.58000e+05,5.89136e-02,5.02591e-03,5.92057e+02,4.88937e+00,9.41079e+03
9.59000e+05,5.89151e-02,4.63084e-03,5.92034e+02,4.89801e+00,9.41034e+03
9.60000e+05,5.89270e-02,4.68811e-03,5.91855e+02,4.89975e+00,9.40989e+03
9.61000e+05,5.89343e-02,5.11404e-03,5.91746e+02,4.89813e+00,9.40944e+03
9.62000e+05,5.89481e-02,4.74838e-03,5.91538e+02,4.89812e+00,9.40899e+03
9.63000e+05,5.89614e-02,4.86009e-03,5.91337e+02,4.89802e+00,9.40854e+03
9.64000e+05,5.89619e-02,5.12887e-03,5.91329e+02,4.89749e+00,9.40809e+03
9.65000e+05,5.89774e-02,4.90560e-03,5.91097e+02,4.91047e+00,9.40764e+03
9.66000e+05,5.89792e-02,5.00878e-03,5.91070e+02,4.89708e+00,9.40719e+03
9.67000e+05,5.89900e-02,4.79795e-03,5.90907e+02,4.89622e+00,9.40675e+03
9.68000e+05,5.89991e-02,4.72889e-03,5.90770e+02,4.89743e+00,9.40630e+03
9.69000e+05,5.90157e-02,5.00937e-03,5.90522e+02,4.89738e+00,9.40585e+03
9.70000e+05,5.90169e-02,4.90031e-03,5.90504e+02,4.89768e+00,9.40541e+03
9.71000e+05,5.90318e-02,5.04943e-03,5.90280e+02,4.89778e+00,9.40496e+03
9.72000e+05,5.90324e-02,4.95743e-03,5.90271e+02,4.89897e+00,9.40452e+03
9.73000e+05,5.90449e-02,5.09319e-03,5.90084e+02,4.89796e+00,9.40407e+03
9.74000e+05,5.90624e-02,4.94526e-03,5.89822e+02,4.89855e+00,9.40363e+03
9.75000e+05,5.90620e-02,4.97819e-03,5.89827e+02,4.89765e+00,9.40318e+03
9.76000e+05,5.90766e-02,4.94844e-03,5.89609e+02,4.89791e+00,9.40274e+03
9.77000e+05,5.90773e-02,4.79855e-03,5.89598e+02,4.89834e+00,9.40230e+03
9.78000e+05,5.90936e-02,5.03033e-03,5.89354e+02,4.89742e+00,9.40186e+03
9.79000e+05,5.90922e-02,5.17280e-03,5.89376e+02,4.89584e+00,9.40141e+03
9.80000e+05,5.91089e-02,5.00336e-03,5.89125e+02,4.89731e+00,9.40097e+03
9.81000e+05,5.91155e-02,4.83389e-03,5.89027e+02,4.89631e+00,9.40053e+03
9.82000e+05,5.91267e-02,5.09897e-03,5.88860e+02,4.89705e+00,9.40009e+03
9.83000e+05,5.91275e-02,4.62068e-03,5.88848e+02,4.89744e+00,9.39965e+03
9.84000e+05,5.91494e-02,4.92305e-03,5.88521e+02,4.89836e+00,9.39921e+03
9.85000e+05,5.91552e-02,5.01592e-03,5.88434e+02,4.89795e+00,9.39877e+03
9.86000e+05,5.91575e-02,4.75709e-03,5.88399e+02,4.90099e+00,9.39833e+03
9.87000e+05,5.91755e-02,4.87332e-03,5.88131e+02,4.89805e+00,9.39789e+03
9.88000e+05,5.91750e-02,5.20989e-03,5.88138e+02,4.89857e+00,9.39745e+03
9.89000e+05,5.91835e-02,5.18390e-03,5.88011e+02,4.89768e+00,9.39701e+03
9.90000e+05,5.92033e-02,4.80041e-03,5.87717e+02,4.89740e+00,9.39658e+03
9.91000e+05,5.92078e-02,5.01193e-03,5.87650e+02,4.89835e+00,9.39614e+03
9.92000e+05,5.92191e-02,5.04017e-03,5.87481e+02,4.89728e+00,9.39570e+03
9.93000e+05,5.92243e-02,5.15532e-03,5.87404e+02,4.89361e+00,9.39527e+03
9.94000e+05,5.92388e-02,4.98773e-03,5.87189e+02,4.89725e+00,9.39483e+03
9.95000e+05,5.92442e-02,4.80743e-03,5.87108e+02,4.89731e+00,9.39439e+03
9.96000e+05,5.92552e-02,5.07585e-03,5.86945e+02,4.89805e+00,9.39396e+03
9.97000e+05,5.92607e-02,5.10975e-03,5.86863e+02,4.89759e+00,9.39352e+03
9.98000e+05,5.92743e-02,5.03964e-03,5.86662e+02,4.89194e+00,9.39309e+03
9.99000e+05,5.92813e-02,5.14074e-03,5.86557e+02,4.89794e+00,9.39266e+03
1.00000e+06,5.92791e-02,4.89973e-03,5.86590e+02,4.89952e+00,9.39222e+03
2.00000e+06,6.57763e-02,6.34119e-03,5.01861e+02,4.89855e+00,9.08362e+03
2.90000e+06,6.94984e-02,7.28774e-03,4.62088e+02,4.89596e+00,8.91444e+03
3.00000e+06,6.98247e-02,6.94908e-03,4.58852e+02,4.89815e+00,8.89564e+03
3.10000e+06,7.01763e-02,7.18217e-03,4.55409e+02,4.89758e+00,8.88197e+03
3.20000e+06,7.05110e-02,7.44268e-03,4.52170e+02,4.89651e+00,8.86831e+03
3.30000e+06,7.08248e-02,7.93254e-03,4.49168e+02,4.89802e+00,8.85464e+03
3.40000e+06,7.11154e-02,7.88215e-03,4.46418e+02,4.89424e+00,8.84097e+03
3.50000e+06,7.14147e-02,8.12305e-03,4.43615e+02,4.89791e+00,8.82730e+03
3.60000e+06,7.17278e-02,8.01893e-03,4.40713e+02,4.89790e+00,8.81363e+03
3.70000e+06,7.20043e-02,8.16786e-03,4.38177e+02,4.89666e+00,8.79997e+03
3.80000e+06,7.22980e-02,8.37945e-03,4.35510e+02,4.89792e+00,8.78630e+03
3.90000e+06,7.25748e-02,8.43411e-03,4.33021e+02,4.89473e+00,8.77263e+03
4.00000e+06,7.28486e-02,8.00999e-03,4.30582e+02,4.89797e+00,8.75896e+03
4.10000e+06,7.30926e-02,8.59313e-03,4.28428e+02,4.89785e+00,8.74817e+03
4.20000e+06,7.33747e-02,8.41889e-03,4.25959e+02,4.89713e+00,8.73738e+03
4.30000e+06,7.36090e-02,8.08713e-03,4.23927e+02,4.89808e+00,8.72659e+03
4.40000e+06,7.38521e-02,7.95332e-03,4.21835e+02,4.90222e+00,8.71580e+03
4.50000e+06,7.41104e-02,8.27397e-03,4.19632e+02,4.89765e+00,8.70501e+03
4.60000e+06,7.43610e-02,8.63884e-03,4.17512e+02,4.89808e+00,8.69422e+03
4.70000e+06,7.45828e-02,8.99822e-03,4.15651e+02,4.89727e+00,8.68343e+03
4.80000e+06,7.48198e-02,8.96095e-03,4.13678e+02,4.89801e+00,8.67264e+03
4.90000e+06,7.50502e-02,8.79573e-03,4.11774e+02,4.89864e+00,8.66185e+03
5.00000e+06,7.52764e-02,8.98462e-03,4.09920e+02,4.89786e+00,8.65106e+03
5.10000e+06,7.54707e-02,8.60698e-03,4.08338e+02,4.89834e+00,8.64212e+03
5.20000e+06,7.56858e-02,9.36537e-03,4.06598e+02,4.89717e+00,8.63318e+03
5.30000e+06,7.59085e-02,9.29971e-03,4.04810e+02,4.89823e+00,8.62425e+03
5.40000e+06,7.61159e-02,9.20439e-03,4.03157e+02,4.89644e+00,8.61531e+03
5.50000e+06,7.63164e-02,8.70567e-03,4.01569e+02,4.89744e+00,8.60637e+03
5.60000e+06,7.65190e-02,9.46625e-03,3.99975e+02,4.89174e+00,8.59743e+03
5.70000e+06,7.67216e-02,9.81399e-03,3.98392e+02,4.89728e+00,8.58849e+03
5.80000e+06,7.69023e-02,8.83674e-03,3.96989e+02,4.89808e+00,8.57955e+03
5.90000e+06,7.71055e-02,9.78371e-03,3.95420e+02,4.89712e+00,8.57061e+03
6.00000e+06,7.73146e-02,9.83333e-03,3.93817e+02,4.89787e+00,8.56167e+03
6.10000e+06,7.74887e-02,9.73306e-03,3.92491e+02,4.89417e+00,8.55403e+03
6.20000e+06,7.76591e-02,1.01038e-02,3.91200e+02,4.89788e+00,8.54638e+03
6.30000e+06,7.78634e-02,9.97025e-03,3.89661e+02,4.89865e+00,8.53874e+03
6.40000e+06,7.80261e-02,9.40616e-03,3.88443e+02,4.89835e+00,8.53110e+03
6.50000e+06,7.81962e-02,1.02125e-02,3.87176e+02,4.89807e+00,8.52345e+03
6.60000e+06,7.83822e-02,1.02562e-02,3.85799e+02,4.89805e+00,8.51581e+03
6.70000e+06,7.85839e-02,9.90768e-03,3.84315e+02,4.89795e+00,8.50816e+03
6.80000e+06,7.87240e-02,1.03530e-02,3.83289e+02,4.89971e+00,8.50052e+03
6.90000e+06,7.89009e-02,1.06530e-02,3.82001e+02,4.89811e+00,8.49288e+03
7.00000e+06,7.90731e-02,1.04913e-02,3.80753e+02,4.89751e+00,8.48523e+03
7.10000e+06,7.92055e-02,9.84542e-03,3.79799e+02,4.89759e+00,8.47855e+03
7.20000e+06,7.93841e-02,9.80729e-03,3.78519e+02,4.89753e+00,8.47186e+03
7.30000e+06,7.95558e-02,1.05777e-02,3.77294e+02,4.90505e+00,8.46517e+03
7.40000e+06,7.97292e-02,1.07783e-02,3.76063e+02,4.89736e+00,8.45849e+03
7.50000e+06,7.98624e-02,1.04141e-02,3.75123e+02,4.89700e+00,8.45180e+03
7.60000e+06,8.00436e-02,1.03217e-02,3.73850e+02,4.89698e+00,8.44512e+03
7.70000e+06,8.01715e-02,1.06266e-02,3.72956e+02,4.89717e+00,8.43843e+03
7.80000e+06,8.03149e-02,9.97577e-03,3.71958e+02,4.90388e+00,8.43174e+03
7.90000e+06,8.04570e-02,1.11913e-02,3.70972e+02,4.89732e+00,8.42506e+03
8.00000e+06,8.06249e-02,1.00578e-02,3.69814e+02,4.89575e+00,8.41837e+03
8.10000e+06,8.07893e-02,1.08966e-02,3.68685e+02,4.89702e+00,8.41243e+03
8.20000e+06,8.09247e-02,1.04247e-02,3.67761e+02,4.89741e+00,8.40648e+03
8.30000e+06,8.10476e-02,1.01951e-02,3.66924e+02,4.89863e+00,8.40053e+03
8.40000e+06,8.12006e-02,1.15242e-02,3.65888e+02,4.89742e+00,8.39459e+03
8.50000e+06,8.13595e-02,1.08363e-02,3.64816e+02,4.89594e+00,8.38864e+03
8.60000e+06,8.15191e-02,1.07484e-02,3.63746e+02,4.89763e+00,8.38269e+03
8.70000e+06,8.16310e-02,1.06771e-02,3.62998e+02,4.89810e+00,8.37674e+03
8.80000e+06,8.17791e-02,1.17405e-02,3.62013e+02,4.89855e+00,8.37080e+03
8.90000e+06,8.19167e-02,1.11220e-02,3.61101e+02,4.89799e+00,8.36485e+03
9.00000e+06,8.20663e-02,1.11348e-02,3.60114e+02,4.88999e+00,8.35890e+03
9.10000e+06,8.21814e-02,1.10615e-02,3.59358e+02,4.89799e+00,8.35354e+03
9.20000e+06,8.23134e-02,1.11926e-02,3.58493e+02,4.89850e+00,8.34819e+03
9.30000e+06,8.24203e-02,1.13875e-02,3.57796e+02,4.89846e+00,8.34283e+03
9.40000e+06,8.25832e-02,1.18489e-02,3.56738e+02,4.89786e+00,8.33747e+03
9.50000e+06,8.27014e-02,1.21941e-02,3.55974e+02,4.89596e+00,8.33211e+03
9.60000e+06,8.28007e-02,1.11685e-02,3.55333e+02,4.89772e+00,8.32675e+03
9.70000e+06,8.29437e-02,1.15761e-02,3.54415e+02,4.89922e+00,8.32139e+03
9.80000e+06,8.30389e-02,1.14250e-02,3.53805e+02,4.89782e+00,8.31603e+03
9.90000e+06,8.32026e-02,1.21823e-02,3.52762e+02,4.89762e+00,8.31067e+03
1.00000e+07,8.33195e-02,1.18171e-02,3.52020e+02,4.89538e+00,8.30531e+03
1.01000e+07,8.34594e-02,1.27514e-02,3.51135e+02,4.89762e+00,8.30043e+03
1.02000e+07,8.35479e-02,1.21597e-02,3.50577e+02,4.90092e+00,8.29555e+03
1.03000e+07,8.36544e-02,1.21502e-02,3.49908e+02,4.89738e+00,8.29067e+03
1.04000e+07,8.37644e-02,1.22742e-02,3.49219e+02,4.89679e+00,8.28579e+03
